-1,-0.9
0.720981 1.88766 1.80772 0.602572 
-0.9,-0.8
0.39438 0.798994 0.598083 0.15456 
-0.8,-0.7
0.568803 1.45308 1.41569 0.49523 
-0.7,-0.6
0.694327 1.99104 2.18421 0.86119 
-0.6,-0.5
0.850154 2.77018 3.48276 1.58261 
-0.5,-0.4
1.09527 4.24089 6.4242 3.54357 
-0.4,-0.3
1.23511 5.28967 9.04615 5.72853 
-0.3,-0.2
1.41887 7.12725 15.1714 12.5344 
-0.2,-0.1
1.05628 1.68844 -12.0227 -32.7891 
-0.1,0
1 6.43929e-15 -28.907 -89.0703 
0,0.1
1 -3.71925e-15 -28.907 89.0703 
0.1,0.2
1.05628 -1.68844 -12.0227 32.7891 
0.2,0.3
1.41887 -7.12725 15.1714 -12.5344 
0.3,0.4
1.23511 -5.28967 9.04615 -5.72853 
0.4,0.5
1.09527 -4.24089 6.4242 -3.54357 
0.5,0.6
0.850154 -2.77018 3.48276 -1.58261 
0.6,0.7
0.694327 -1.99104 2.18421 -0.86119 
0.7,0.8
0.568803 -1.45308 1.41569 -0.49523 
0.8,0.9
0.39438 -0.798994 0.598083 -0.15456 
0.9,1
0.720981 -1.88766 1.80772 -0.602572 
