-1,-0.9
-0.268695 -0.811475 -0.504318 
-0.9,-0.8
0.423016 0.725662 0.349647 
-0.8,-0.7
0.42953 0.741946 0.359824 
-0.7,-0.6
0.568512 1.13904 0.643461 
-0.6,-0.5
0.747447 1.73549 1.1405 
-0.5,-0.4
1.0045 2.76368 2.1687 
-0.4,-0.3
1.31297 4.30604 4.09664 
-0.3,-0.2
1.58306 6.10663 7.09762 
-0.2,-0.1
1.15493 1.82539 -3.60546 
-0.1,0
0.936338 -2.54648 -25.4648 
0,0.1
0.936338 -2.54648 -3.60546 
0.1,0.2
1.04337 -4.6871 7.09762 
0.2,0.3
0.92333 -3.48671 4.09665 
0.3,0.4
0.749807 -2.32989 2.16862 
0.4,0.5
0.585386 -1.50779 1.14099 
0.5,0.6
0.460297 -1.00743 0.64063 
0.6,0.7
0.365146 -0.690263 0.376323 
0.7,0.8
0.304955 -0.518289 0.253484 
0.8,0.9
0.178665 -0.202562 0.0561554 
0.9,1
0.681186 -1.31928 0.676552 
