x(t) = 
0,0.192239
-1.73205 0.153577 0 1.50086 
0.192239,0.4008
-1.71352 -0.133396 1.48716 -1.07779 
0.4008,0.628577
-1.77903 0.347892 0.297604 -0.088478 
0.628577,0.876513
-1.76689 0.287693 0.395191 -0.140228 
0.876513,1.14399
-1.84509 0.553587 0.0928226 -0.0252392 
1.14399,1.42929
-1.83454 0.525356 0.117753 -0.0325033 
1.42929,1.73026
-2.07228 1.02451 -0.231533 0.0489556 
1.73026,2.04563
-0.685195 -1.38234 1.16004 -0.219131 
2.04563,2.38141
-6.47053 7.10131 -2.98698 0.456622 
2.38141,2.69138
7.22639 -10.156 4.26026 -0.557796 
2.69138,3.05684
-7.88222 6.68245 -1.99572 0.217022 
3.05684,3.38046
-5.96158 4.79599 -1.37834 0.1497 
3.38046,3.68861
2.5302 -2.74095 0.851353 -0.0701612 
3.68861,3.98201
0.0975015 -0.761631 0.314646 -0.0216599 
3.98201,4.25866
-0.523305 -0.29372 0.197114 -0.0118213 
4.25866,4.51652
1.3839 -1.63684 0.512452 -0.0365035 
4.51652,4.75437
-0.107786 -0.645495 0.292901 -0.0202999 
4.75437,4.97231
16.0614 -10.8466 2.43835 -0.17072 
4.97231,5.17221
29.9165 -19.2028 4.11859 -0.28336 
5.17221,5.35804
115.457 -68.8133 13.7099 -0.901488 
5.35804,5.53576
127.095 -75.3279 14.9255 -0.977118 
5.53576,5.71263
-71.3516 32.2121 -4.50047 0.192611 
5.71263,5.89588
-79.306 36.3853 -5.23064 0.235216 
5.89588,6.09145
-337.764 167.902 -27.5377 1.49638 
6.09145,6.30348
-74.2135 38.1162 -6.23233 0.33052 
6.30348,6.53461
-43.8751 23.6817 -3.94276 0.209446 
6.53461,6.7871
17.612 -4.54451 0.376577 -0.0108852 
6.7871,7.06608
-120.734 56.6169 -8.63562 0.431729 
7.06608,7.40399
267.971 -108.419 14.7209 -0.670086 
7.40399,7.70768
-19.075 7.8853 -0.987236 0.0371065 
7.70768,8.0064
8.2969 -2.76839 0.394978 -0.02267 
8.0064,8.27102
80.8742 -29.9592 3.79087 -0.164052 
8.27102,8.5125
-7.71851 2.17607 -0.0945134 -0.00746617 
8.5125,8.73381
-85.8389 29.7064 -3.32855 0.119173 
8.73381,8.9372
-105.042 36.3003 -4.08342 0.147983 
8.9372,9.12597
-658.288 222.006 -24.8621 0.922971 
9.12597,9.30519
-749.963 252.138 -28.1635 1.04356 
9.30519,9.48154
-940.567 313.591 -34.7679 1.28014 
9.48154,9.66247
2734.44 -849.196 87.8691 -3.03128 
y(t) = 
0,0.192239
0.877383 -1.30227 0 0.960215 
0.192239,0.4008
0.886459 -1.43946 0.702044 -0.257094 
0.4008,0.628577
0.876014 -1.36406 0.517383 -0.103517 
0.628577,0.876513
0.882776 -1.39888 0.574817 -0.133974 
0.876513,1.14399
0.846014 -1.2756 0.435623 -0.0810389 
1.14399,1.42929
0.816151 -1.19903 0.369449 -0.0617572 
1.42929,1.73026
0.690531 -0.936321 0.185979 -0.0189693 
1.73026,2.04563
0.969574 -1.42101 0.466354 -0.0729834 
2.04563,2.38141
0.584275 -0.856972 0.190877 -0.0280946 
2.38141,2.69138
-0.997581 1.13648 -0.646359 0.0890959 
2.69138,3.05684
-26.6546 29.7436 -11.277 1.40573 
3.05684,3.38046
74.6127 -69.6319 21.2308 -2.13908 
3.38046,3.68861
-31.7419 24.7808 -6.70236 0.615295 
3.68861,3.98201
2.55372 -3.11737 0.861652 -0.0682515 
3.98201,4.25866
-9.58828 6.02954 -1.43531 0.124027 
4.25866,4.51652
-7.68043 4.68305 -1.11884 0.0992563 
4.51652,4.75437
-7.15793 4.33378 -1.04127 0.0935311 
4.75437,4.97231
-16.3147 10.1092 -2.25576 0.17868 
4.97231,5.17221
-9.29069 5.86948 -1.40292 0.121507 
5.17221,5.35804
0.983176 -0.0892421 -0.250883 0.0472623 
5.35804,5.53576
126.896 -70.5857 12.906 -0.771248 
5.53576,5.71263
169.48 -93.6626 17.0746 -1.02226 
5.71263,5.89588
203.598 -111.587 20.2128 -1.20538 
5.89588,6.09145
-131.909 59.1245 -8.74108 0.431579 
6.09145,6.30348
-112.548 49.5929 -7.17663 0.34597 
6.30348,6.53461
-96.7481 42.0784 -5.9849 0.28295 
6.53461,6.7871
-41.7149 16.8162 -2.11925 0.0857617 
6.7871,7.06608
-133.956 57.5941 -8.12783 0.38086 
7.06608,7.40399
206.487 -86.9403 12.3265 -0.584047 
7.40399,7.70768
-1208.88 486.521 -65.1248 2.90287 
7.70768,8.0064
1305.18 -492.008 61.8304 -2.58755 
8.0064,8.27102
-112.669 39.2893 -4.53048 0.175279 
8.27102,8.5125
194.321 -72.0589 8.93191 -0.367274 
8.5125,8.73381
65.3614 -26.6058 3.59205 -0.158174 
8.73381,8.9372
141.52 -52.7631 6.58686 -0.272474 
8.9372,9.12597
493.842 -171.025 19.8192 -0.766004 
9.12597,9.30519
-283.841 84.6228 -8.19395 0.257198 
9.30519,9.48154
-1121.46 354.667 -37.2145 1.29678 
9.48154,9.66247
-531.263 167.927 -17.5194 0.604381 
