x(t) = 
0,0.943176
-1.73205 0.475773 0 0.0217591 
0.943176,2.24255
-1.71529 0.431078 0.0428247 0.00662423 
2.24255,3.47342
-1.11677 -0.371455 0.401104 -0.0466305 
3.47342,4.60369
-5.40096 3.31595 -0.658654 0.0550713 
4.60369,5.39355
53.8717 -35.2124 7.69985 -0.550132 
5.39355,6.24242
-125.512 64.6053 -10.8108 0.593867 
6.24242,7.41513
56.2202 -22.587 3.14527 -0.15136 
7.41513,8.44122
-52.5552 21.3784 -2.78099 0.115044 
8.44122,9.19262
51.8277 -15.7482 1.61899 -0.0587061 
y(t) = 
0,0.943176
0.877383 -1.03083 0 0.0864931 
0.943176,2.24255
0.95615 -1.25425 0.2225 0.00785818 
2.24255,3.47342
1.77587 -2.37954 0.730685 -0.0676785 
3.47342,4.60369
-7.74207 5.76023 -1.60111 0.156097 
4.60369,5.39355
45.3035 -28.7707 5.89565 -0.386711 
5.39355,6.24242
-2.35954 -2.27823 0.985504 -0.0832534 
6.24242,7.41513
-89.8746 39.8532 -5.76956 0.277454 
7.41513,8.44122
181.147 -69.6299 8.98402 -0.385766 
8.44122,9.19262
-260.107 87.2443 -9.60341 0.348229 
