x(t) = 
0,0.0459807
-1.73205 0.0399713 0 9.52332 
0.0459807,0.0927319
-1.73073 -0.0457334 1.85952 -3.95707 
0.0927319,0.140332
-1.73517 0.0976149 0.314427 1.59689 
0.140332,0.188851
-1.7237 -0.14768 2.06263 -2.55565 
0.188851,0.238353
-1.73821 0.0826267 0.843805 -0.404358 
0.238353,0.288893
-1.73508 0.0431097 1.0098 -0.636501 
0.288893,0.340518
-1.73829 0.0763445 0.894966 -0.504001 
0.340518,0.393267
-1.74435 0.129599 0.738714 -0.351046 
0.393267,0.447172
-1.74853 0.161424 0.657888 -0.282538 
0.447172,0.50226
-1.72521 0.00489601 1.00805 -0.543555 
0.50226,0.558546
-1.77288 0.289512 0.441471 -0.167537 
0.558546,0.616044
-1.76532 0.248885 0.514257 -0.210975 
0.616044,0.674758
-1.77911 0.315974 0.405398 -0.152073 
0.674758,0.734688
-1.78668 0.34959 0.35561 -0.127477 
0.734688,0.795828
-1.79643 0.389347 0.30152 -0.102936 
0.795828,0.858168
-1.81018 0.441169 0.23642 -0.0756691 
0.858168,0.92169
-1.80378 0.418753 0.262556 -0.0858208 
0.92169,0.986377
-1.89216 0.706418 -0.0495449 0.0270518 
0.986377,1.0522
-1.77489 0.349754 0.31205 -0.0951446 
1.0522,1.11915
-1.83692 0.526585 0.144002 -0.0419079 
1.11915,1.18717
-1.86157 0.592651 0.0849745 -0.0243266 
1.18717,1.25625
-1.8667 0.605595 0.0740737 -0.0212659 
1.25625,1.32635
-1.87314 0.620973 0.0618347 -0.0180184 
1.32635,1.39743
-1.89365 0.667375 0.0268515 -0.00922655 
1.39743,1.46947
-1.83854 0.549047 0.111528 -0.0294247 
1.46947,1.54243
-2.10418 1.09136 -0.257529 0.0542918 
1.54243,1.61628
-1.62506 0.159496 0.346628 -0.0762721 
1.61628,1.69099
-1.90599 0.680916 0.0240261 -0.00974023 
1.69099,1.76655
-1.87285 0.622113 0.0588012 -0.0165952 
1.76655,1.84296
-1.84477 0.574424 0.0857978 -0.0216892 
1.84296,1.92022
-1.88109 0.633546 0.0537194 -0.0158873 
1.92022,1.99837
-1.55058 0.117176 0.322635 -0.0625687 
1.99837,2.07751
-1.61114 0.208053 0.277165 -0.0549842 
2.07751,2.1578
-1.22465 -0.35008 0.545829 -0.0980909 
2.1578,2.23951
-2.03456 0.775899 0.0240212 -0.0174828 
2.23951,2.3232
3.10335 -6.10699 3.09746 -0.47494 
2.3232,2.40996
-6.16089 5.85588 -2.05179 0.263875 
2.40996,2.50235
31.5052 -41.0366 17.407 -2.42756 
2.50235,2.60899
-88.5085 102.846 -40.0924 5.23182 
2.60899,2.70288
159.717 -182.59 69.3144 -8.74635 
2.70288,2.83166
-141.66 151.911 -54.442 6.51592 
2.83166,2.92919
21.5813 -21.0422 6.63762 -0.674157 
2.92919,3.01827
125.335 -127.291 42.9079 -4.80161 
3.01827,3.1033
-16.7987 13.986 -3.9001 0.367801 
3.1033,3.18591
-148.743 141.536 -45.0013 4.78259 
3.18591,3.26686
48.5915 -44.2841 13.3246 -1.3199 
3.26686,3.34655
0.0658651 0.27791 -0.316092 0.0719262 
3.34655,3.42518
54.2592 -48.3033 14.2007 -1.37402 
3.42518,3.50288
-14.3514 11.7906 -3.34408 0.33341 
3.50288,3.57971
5.50663 -5.21659 1.51113 -0.128611 
3.57971,3.65569
7.63687 -7.00181 2.00983 -0.175049 
3.65569,3.73083
2.55907 -2.83475 0.869943 -0.0711114 
3.73083,3.80511
-0.448954 -0.415956 0.221617 -0.0131863 
3.80511,3.87852
-0.259364 -0.565429 0.260899 -0.0166274 
3.87852,3.95102
1.86257 -2.20672 0.684072 -0.0529964 
3.95102,4.02259
-1.1373 0.071079 0.107563 -0.00435839 
4.02259,4.09318
-1.22596 0.137202 0.0911248 -0.00299627 
4.09318,4.16278
-0.828278 -0.15427 0.162334 -0.00879526 
4.16278,4.23133
-2.33931 0.934691 -0.0992606 0.0121519 
4.23133,4.29882
3.72597 -3.36557 0.917028 -0.0679087 
4.29882,4.36521
-2.3283 0.859505 -0.0658176 0.00830178 
4.36521,4.43047
-3.37883 1.58148 -0.23121 0.0209314 
4.43047,4.49458
0.192628 -0.836858 0.314633 -0.020136 
4.49458,4.55751
-0.124534 -0.625157 0.267531 -0.0166427 
4.55751,4.61925
0.666438 -1.14581 0.381772 -0.0249982 
4.61925,4.67979
2.35078 -2.23971 0.618583 -0.042087 
4.67979,4.73911
0.678396 -1.16761 0.389491 -0.0257691 
4.73911,4.79721
14.1867 -9.71876 2.19387 -0.152683 
4.79721,4.85411
2.01217 -2.10523 0.606791 -0.0424054 
4.85411,4.90979
4.76587 -3.80709 0.957392 -0.0664813 
4.90979,4.96428
14.2942 -9.6291 2.14318 -0.146987 
4.96428,5.01761
16.9967 -11.2622 2.47215 -0.169076 
5.01761,5.06979
22.9196 -14.8034 3.17791 -0.215961 
5.06979,5.12087
29.1091 -18.466 3.90033 -0.263459 
5.12087,5.17088
37.6332 -23.4597 4.87549 -0.326935 
5.17088,5.21989
43.4963 -26.8612 5.5333 -0.36934 
5.21989,5.26794
65.1616 -39.3127 7.9187 -0.521668 
5.26794,5.3151
117.721 -69.2445 13.6006 -0.881194 
5.3151,5.36146
24.6972 -16.7389 3.72199 -0.261664 
5.36146,5.40709
101.797 -59.8797 11.7685 -0.76193 
5.40709,5.45207
116.21 -67.8768 13.2475 -0.853107 
5.45207,5.49652
29.1811 -19.989 4.46405 -0.3161 
5.49652,5.54052
409.054 -227.324 42.1851 -2.60367 
5.54052,5.58418
-45.4445 18.7717 -2.23226 0.068602 
5.58418,5.62761
-47.7813 20.027 -2.45706 0.0820208 
5.62761,5.67093
406.208 -221.988 40.5479 -2.46524 
5.67093,5.71423
51.2877 -34.2305 7.43909 -0.519124 
5.71423,5.75764
-513.618 262.348 -44.4626 2.5085 
5.75764,5.80127
1001.91 -527.315 92.6877 -5.43169 
5.80127,5.84521
-1265.8 645.383 -109.457 6.18331 
5.84521,5.88956
719.332 -373.467 64.8479 -3.75676 
5.88956,5.93444
-758.114 379.108 -62.9333 3.47531 
5.93444,5.97991
-121.971 57.5222 -8.74349 0.431506 
5.97991,6.02607
-85.9657 39.4592 -5.72288 0.263131 
6.02607,6.073
-711.291 350.769 -57.3834 3.12074 
6.073,6.12076
226.3 -112.391 18.882 -1.0653 
6.12076,6.16942
-556.18 271.13 -43.7769 2.34708 
6.16942,6.21903
-155.763 76.4199 -12.2165 0.641868 
6.21903,6.26964
-64.2376 32.2688 -5.11715 0.261351 
6.26964,6.3213
-168.181 82.0054 -13.0501 0.683115 
6.3213,6.37404
-145.837 71.4017 -11.3726 0.59466 
6.37404,6.42791
-53.5282 27.9556 -4.55654 0.23821 
6.42791,6.48293
-57.0213 29.5859 -4.81017 0.251362 
6.48293,6.53913
-40.1819 21.7935 -3.60819 0.18956 
6.53913,6.59654
-23.4024 14.0955 -2.43097 0.129551 
6.59654,6.6552
-29.279 16.7681 -2.83612 0.150024 
6.6552,6.71514
-13.7195 9.75433 -1.78225 0.0972393 
6.71514,6.77639
-7.47781 6.96586 -1.367 0.0766267 
6.77639,6.83902
-6.03454 6.32693 -1.27271 0.0719888 
6.83902,6.90309
-5.1215 5.92645 -1.21416 0.0691348 
6.90309,6.96869
-7.82346 7.10073 -1.38427 0.0773491 
6.96869,7.03597
-6.41369 6.49388 -1.29719 0.0731839 
7.03597,7.10512
-46.4276 23.5552 -3.72207 0.188064 
7.10512,7.17645
-17.182 11.2069 -1.98413 0.10653 
7.17645,7.25048
-36.5342 19.297 -3.11147 0.158892 
7.25048,7.3281
-159.675 70.2493 -10.139 0.481974 
7.3281,7.41113
154.99 -58.5685 7.43961 -0.317623 
7.41113,7.50426
-1498.1 610.612 -82.8554 3.74361 
7.50426,7.63076
3086.89 -1222.35 161.401 -7.10607 
7.63076,7.72404
-3825.6 1495.26 -194.737 8.45107 
7.72404,7.82726
1880.35 -720.928 92.1843 -3.93112 
7.82726,7.91439
782.366 -300.091 38.4184 -1.64144 
7.91439,7.99439
1279.87 -488.669 62.2454 -2.64497 
7.99439,8.07006
-4366.95 1630.37 -202.82 8.40718 
8.07006,8.14266
2837.26 -1047.76 129.04 -5.30026 
8.14266,8.21286
968.196 -359.135 44.4696 -1.83825 
8.21286,8.28104
-870.494 312.504 -37.3093 1.48089 
8.28104,8.34746
-465.257 165.697 -19.5812 0.767288 
8.34746,8.41228
45.1937 -17.755 2.39579 -0.110303 
8.41228,8.47562
-137.981 47.569 -5.36952 0.197395 
8.47562,8.53755
-75.8597 25.5808 -2.77522 0.0953647 
8.53755,8.59814
-72.555 24.4195 -2.6392 0.090054 
8.59814,8.65743
-35.2125 11.3902 -1.12384 0.0313064 
8.65743,8.71547
-122.86 41.7619 -4.632 0.16638 
8.71547,8.77227
-26.6616 8.64901 -0.832673 0.0210699 
8.77227,8.82788
-61.3477 20.5112 -2.18491 0.0724527 
8.82788,8.88231
-63.96 21.3989 -2.28546 0.0762497 
8.88231,8.93561
-86.7764 29.1051 -3.15305 0.108808 
8.93561,8.98781
-95.0957 31.8982 -3.46563 0.120469 
8.98781,9.03894
-194.799 65.1777 -7.16837 0.257793 
9.03894,9.08904
-162.517 54.4633 -5.983 0.21408 
9.08904,9.13817
-255.328 85.097 -9.3534 0.337687 
9.13817,9.18637
-291.198 96.8731 -10.6421 0.384693 
9.18637,9.23371
-443.27 146.535 -16.0481 0.580855 
9.23371,9.28025
-244.079 81.8186 -9.03939 0.327843 
9.28025,9.32605
-1496.39 486.65 -52.6623 1.89472 
9.32605,9.37122
34.8768 -5.92747 0.155051 0.00691012 
9.37122,9.41582
-572.988 188.668 -20.6102 0.745527 
9.41582,9.45996
-2325.62 747.079 -79.9157 2.84503 
9.45996,9.50373
-72.2985 32.4912 -4.37761 0.183348 
9.50373,9.54723
-324.9 112.229 -12.7678 0.477624 
9.54723,9.59057
-3769.62 1194.65 -126.144 4.43605 
9.59057,9.63387
3315.41 -1021.6 104.943 -3.59567 
9.63387,9.67723
-4995.87 1566.55 -163.708 5.69968 
9.67723,9.72076
3688.5 -1125.66 114.492 -3.88295 
9.72076,9.76458
-2237.48 703.206 -73.6478 2.56852 
9.76458,9.80879
1623.65 -483.061 47.839 -1.57867 
9.80879,9.85349
-617.507 202.393 -22.0426 0.796128 
9.85349,9.89879
10643.4 -3226.12 325.906 -10.9746 
y(t) = 
0,0.0459807
0.877383 -1.35825 0 2.85783 
0.0459807,0.0927319
0.877689 -1.37805 0.428678 -0.249832 
0.0927319,0.140332
0.876788 -1.34883 0.113136 0.884412 
0.140332,0.188851
0.879742 -1.4119 0.562338 -0.182587 
0.188851,0.238353
0.877972 -1.38379 0.413469 0.0801753 
0.238353,0.288893
0.879477 -1.40271 0.492826 -0.0308048 
0.288893,0.340518
0.880827 -1.41674 0.541398 -0.0868482 
0.340518,0.393267
0.880223 -1.41143 0.52584 -0.0716189 
0.393267,0.447172
0.880292 -1.41197 0.527233 -0.0727992 
0.447172,0.50226
0.900163 -1.54534 0.825524 -0.295153 
0.50226,0.558546
0.876854 -1.40617 0.548492 -0.111296 
0.558546,0.616044
0.884946 -1.44967 0.626422 -0.157803 
0.616044,0.674758
0.880504 -1.42809 0.591418 -0.138863 
0.674758,0.734688
0.878917 -1.42108 0.581065 -0.133749 
0.734688,0.795828
0.875764 -1.40824 0.563627 -0.125837 
0.795828,0.858168
0.867184 -1.37594 0.523065 -0.108848 
0.858168,0.92169
0.879216 -1.41805 0.572152 -0.127914 
0.92169,0.986377
0.789296 -1.12539 0.25465 -0.0130884 
0.986377,1.0522
0.910939 -1.49539 0.629772 -0.139856 
1.0522,1.11915
0.855264 -1.33669 0.478966 -0.0920812 
1.11915,1.18717
0.827415 -1.26207 0.4123 -0.0722252 
1.18717,1.25625
0.82095 -1.24576 0.398571 -0.0683704 
1.25625,1.32635
0.811736 -1.22378 0.381084 -0.0637302 
1.32635,1.39743
0.780146 -1.15235 0.327235 -0.0501972 
1.39743,1.46947
0.850691 -1.30381 0.435632 -0.0760533 
1.46947,1.54243
0.472149 -0.531009 -0.090271 0.0432419 
1.54243,1.61628
1.11288 -1.77723 0.717691 -0.131366 
1.61628,1.69099
0.723269 -1.05409 0.270291 -0.0390965 
1.69099,1.76655
0.731348 -1.06844 0.278777 -0.0407693 
1.76655,1.84296
0.722591 -1.05358 0.270368 -0.0391826 
1.84296,1.92022
0.589785 -0.8374 0.153071 -0.0179673 
1.92022,1.99837
0.935309 -1.37723 0.434204 -0.0667695 
1.99837,2.07751
0.687766 -1.00563 0.248254 -0.0357527 
2.07751,2.1578
0.561725 -0.823627 0.160651 -0.021697 
2.1578,2.23951
-0.200788 0.236517 -0.330661 0.0542003 
2.23951,2.3232
1.02602 -1.40688 0.403156 -0.0550226 
2.3232,2.40996
3.1825 -4.19176 1.60192 -0.227021 
2.40996,2.50235
-30.4376 37.6632 -15.7663 2.17526 
2.50235,2.60899
76.8541 -90.9662 35.6372 -4.6721 
2.60899,2.70288
-130.036 146.936 -55.5495 6.97821 
2.70288,2.83166
104.192 -113.034 40.632 -4.88338 
2.83166,2.92919
4.39266 -7.28943 3.28623 -0.48717 
2.92919,3.01827
-554.11 564.684 -191.975 21.733 
3.01827,3.1033
188.855 -173.795 52.6965 -5.28818 
3.1033,3.18591
596.374 -567.738 179.638 -18.9233 
3.18591,3.26686
-182.678 165.858 -50.6257 5.16859 
3.26686,3.34655
64.0382 -60.7051 18.7264 -1.90774 
3.34655,3.42518
-76.0363 64.8643 -18.7957 1.82966 
3.42518,3.50288
16.9534 -16.5825 4.98315 -0.484463 
3.50288,3.57971
-9.29996 5.9019 -1.43568 0.126351 
3.57971,3.65569
-14.597 10.3411 -2.67577 0.241825 
3.65569,3.73083
-8.98148 5.73271 -1.41516 0.126881 
3.73083,3.80511
-4.90478 2.45458 -0.536497 0.048376 
3.80511,3.87852
-5.66598 3.05469 -0.694209 0.0621918 
3.87852,3.95102
-9.25597 5.8315 -1.41015 0.123722 
3.95102,4.02259
-5.08471 2.66424 -0.608518 0.0560913 
4.02259,4.09318
-5.26908 2.80173 -0.642694 0.0589234 
4.09318,4.16278
-6.12766 3.43098 -0.796423 0.0714425 
4.16278,4.23133
-4.34775 2.14823 -0.488273 0.0467675 
4.23133,4.29882
-12.9607 8.25473 -1.93143 0.160456 
4.29882,4.36521
-4.38512 2.27011 -0.539272 0.0525068 
4.36521,4.43047
-3.5665 1.70749 -0.410383 0.0426646 
4.43047,4.49458
-8.54507 5.0786 -1.17127 0.0999114 
4.49458,4.55751
-8.15544 4.8185 -1.1134 0.0956192 
4.55751,4.61925
-9.16922 5.48579 -1.25981 0.106328 
4.61925,4.67979
-10.855 6.58059 -1.49681 0.12343 
4.67979,4.73911
-8.81185 5.27078 -1.21692 0.103494 
4.73911,4.79721
-22.2785 13.7955 -3.01573 0.230016 
4.79721,4.85411
-7.37961 4.47826 -1.0735 0.0950607 
4.85411,4.90979
-9.71196 5.91971 -1.37045 0.115452 
4.90979,4.96428
-16.7854 10.2417 -2.25073 0.175216 
4.96428,5.01761
-15.8479 9.67513 -2.13659 0.167552 
5.01761,5.06979
-16.6725 10.1681 -2.23484 0.174079 
5.06979,5.12087
-16.0256 9.78524 -2.15931 0.169113 
5.12087,5.17088
-15.221 9.31388 -2.06726 0.163121 
5.17088,5.21989
-10.3848 6.50802 -1.52464 0.128142 
5.21989,5.26794
-13.9297 8.54536 -1.91494 0.153066 
5.26794,5.3151
-24.9339 14.8121 -3.10453 0.228338 
5.3151,5.36146
43.3978 -23.7564 4.15185 -0.226741 
5.36146,5.40709
15.0445 -7.89124 1.19274 -0.0427669 
5.40709,5.45207
37.3373 -20.2598 3.48022 -0.183784 
5.45207,5.49652
76.5971 -41.8625 7.44249 -0.426033 
5.49652,5.54052
10.7134 -5.90309 0.900275 -0.0292836 
5.54052,5.58418
175.669 -95.221 17.0211 -0.99916 
5.58418,5.62761
146.554 -79.5792 14.22 -0.831956 
5.62761,5.67093
146.888 -79.7571 14.2516 -0.833828 
5.67093,5.71423
250.558 -134.6 23.9225 -1.40228 
5.71423,5.75764
119.732 -65.9158 11.9027 -0.701113 
5.75764,5.80127
460.993 -243.729 42.7856 -2.48905 
5.80127,5.84521
-74.7331 33.3103 -4.9693 0.254886 
5.84521,5.88956
491.68 -257.396 44.7649 -2.5813 
5.88956,5.93444
-58.459 22.8309 -2.81538 0.111619 
5.93444,5.97991
129.298 -72.0846 13.1787 -0.786756 
5.97991,6.02607
226.46 -120.829 21.3301 -1.24113 
6.02607,6.073
-434.594 208.268 -33.2821 1.77975 
6.073,6.12076
442.523 -225.019 38.0643 -2.1363 
6.12076,6.16942
-446.396 210.671 -33.118 1.74026 
6.16942,6.21903
-130.96 57.2843 -8.25559 0.39694 
6.21903,6.26964
52.331 -31.1334 5.96169 -0.365092 
6.26964,6.3213
-176.628 78.4226 -11.5124 0.563938 
6.3213,6.37404
-246.423 111.546 -16.7524 0.840254 
6.37404,6.42791
-81.4318 33.892 -4.5695 0.203145 
6.42791,6.48293
-114.702 49.4199 -6.9852 0.328416 
6.48293,6.53913
-115.259 49.6776 -7.02497 0.330461 
6.53913,6.59654
-36.9129 13.7343 -1.52831 0.0502681 
6.59654,6.6552
-126.626 54.5345 -7.71341 0.362811 
6.6552,6.71514
-107.346 45.8435 -6.40752 0.297404 
6.71514,6.77639
-63.3919 26.2071 -3.48332 0.152249 
6.77639,6.83902
-67.2468 27.9137 -3.73518 0.164638 
6.83902,6.90309
-60.3896 24.9058 -3.29536 0.143201 
6.90309,6.96869
-54.3054 22.2617 -2.91233 0.124706 
6.96869,7.03597
-65.4504 27.0596 -3.60084 0.157639 
7.03597,7.10512
37.8557 -16.9881 2.65954 -0.13895 
7.10512,7.17645
-148.481 61.6892 -8.41379 0.38055 
7.17645,7.25048
-27.5966 11.1553 -1.37217 0.0534795 
7.25048,7.3281
-193.176 79.6665 -10.8214 0.487897 
7.3281,7.41113
139.617 -56.5734 7.77007 -0.357772 
7.41113,7.50426
-1642.63 664.886 -89.5788 4.02072 
7.50426,7.63076
2924.39 -1160.88 153.718 -6.78635 
7.63076,7.72404
-4121.18 1609.05 -209.276 9.07029 
7.72404,7.82726
4616.94 -1784.83 230.115 -9.89179 
7.82726,7.91439
-9543.74 3642.6 -463.284 19.6374 
7.91439,7.99439
-6642.8 2542.94 -324.337 13.7854 
7.99439,8.07006
16341 -6082.03 754.541 -31.1994 
8.07006,8.14266
-2760.08 1018.71 -125.347 5.1443 
8.14266,8.21286
2550.57 -937.894 114.943 -4.69239 
8.21286,8.28104
-645.99 229.75 -27.2297 1.07795 
8.28104,8.34746
-520.86 184.419 -21.7555 0.857597 
8.34746,8.41228
226.404 -84.1413 10.4172 -0.427133 
8.41228,8.47562
-49.3026 14.1817 -1.27085 0.0360011 
8.47562,8.53755
20.4536 -10.509 1.64229 -0.0785683 
8.53755,8.59814
9.22907 -6.56479 1.18031 -0.0605309 
8.59814,8.65743
189.437 -69.4417 8.49315 -0.344036 
8.65743,8.71547
-220.191 72.5041 -7.90267 0.287245 
8.71547,8.77227
155.06 -56.6631 6.91779 -0.279581 
8.77227,8.82788
75.0768 -29.3101 3.79965 -0.161096 
8.82788,8.88231
116.373 -43.3438 5.38936 -0.221122 
8.88231,8.93561
157.503 -57.2353 6.9533 -0.279814 
8.93561,8.98781
82.2066 -31.9557 4.12422 -0.174278 
8.98781,9.03894
605.517 -206.629 23.5587 -0.895048 
9.03894,9.08904
-183.092 55.1083 -5.39796 0.172799 
9.08904,9.13817
344.751 -119.116 13.7706 -0.530193 
9.13817,9.18637
181.95 -65.6691 7.92189 -0.316848 
9.18637,9.23371
362.629 -124.674 14.3449 -0.549912 
9.23371,9.28025
-203.852 59.3743 -5.58725 0.169631 
9.28025,9.32605
2003.04 -654.042 71.2875 -2.5916 
9.32605,9.37122
-1596.79 503.951 -52.88 1.84641 
9.37122,9.41582
48.6002 -22.7879 3.32814 -0.152905 
9.41582,9.45996
1624.12 -524.768 56.6405 -2.04024 
9.45996,9.50373
-1607.04 499.916 -51.6775 1.77648 
9.50373,9.54723
-776.285 237.676 -24.0841 0.80867 
9.54723,9.59057
1236.22 -394.707 42.1533 -1.50395 
9.59057,9.63387
-3641.17 1130.97 -116.928 4.02514 
9.63387,9.67723
1251.32 -392.553 41.2147 -1.44663 
9.67723,9.72076
-3115.19 961.092 -98.6646 3.37153 
9.72076,9.76458
-468.931 144.408 -14.6503 0.490611 
9.76458,9.80879
-1410.5 433.688 -44.2757 1.50193 
9.80879,9.85349
-1699.43 522.059 -53.2852 1.8081 
9.85349,9.89879
1179.29 -354.4 35.6639 -1.20095 
