x(t) = 
-3.14159,-2.44346
13.213 13.5446 4.19567 0.445174 
-2.44346,-1.74533
0.864357 -1.61672 -2.00916 -0.40128 
-1.74533,-1.0472
1.66309 -0.243797 -1.22254 -0.251046 
-1.0472,-0.349066
1.72279 -0.0727637 -1.05921 -0.199058 
-0.349066,0.349066
1.73126 0 -0.850761 0 
0.349066,1.0472
1.72279 0.0727637 -1.05921 0.199058 
1.0472,1.74533
1.66309 0.243797 -1.22254 0.251046 
1.74533,2.44346
0.864357 1.61672 -2.00916 0.40128 
2.44346,3.14159
13.213 -13.5446 4.19567 -0.445174 
y(t) = 
-3.14159,-2.44346
-8.35982 -6.5597 -1.72814 -0.183361 
-2.44346,-1.74533
10.0249 16.0125 7.50964 1.07684 
-1.74533,-1.0472
0.104298 -1.03982 -2.26059 -0.789134 
-1.0472,-0.349066
0.881233 1.18593 -0.135156 -0.112586 
-0.349066,0.349066
0.87767 1.15532 -0.222865 -0.196342 
0.349066,1.0472
0.877325 1.15828 -0.231362 -0.188227 
1.0472,1.74533
-0.166751 4.14934 -3.08761 0.720945 
1.74533,2.44346
8.34746 -10.4855 5.29754 -0.880501 
2.44346,3.14159
-12.5562 15.1792 -5.2059 0.552364 
