x(t) = 
-3.14159,-2.98049
68.3973 66.8071 21.2397 2.2536 
-2.98049,-2.81938
-9.25411 -11.3527 -4.98418 -0.67924 
-2.81938,-2.65827
7.09327 6.04198 1.1855 0.0501974 
-2.65827,-2.49716
2.42623 0.774968 -0.795868 -0.198256 
-2.49716,-2.33606
2.7121 1.11841 -0.658337 -0.179897 
-2.33606,-2.17495
2.11168 0.347334 -0.988411 -0.226996 
-2.17495,-2.01384
1.88089 0.0289992 -1.13477 -0.249428 
-2.01384,-1.85273
1.70933 -0.226573 -1.26168 -0.270434 
-1.85273,-1.69163
1.62886 -0.356871 -1.33201 -0.283087 
-1.69163,-1.53052
1.60135 -0.405655 -1.36085 -0.288769 
-1.53052,-1.36941
1.60814 -0.392351 -1.35216 -0.286876 
-1.36941,-1.2083
1.63201 -0.340046 -1.31396 -0.277579 
-1.2083,-1.0472
1.66111 -0.267805 -1.25417 -0.261085 
-1.0472,-0.88609
1.68781 -0.191304 -1.18112 -0.237832 
-0.88609,-0.724983
1.70828 -0.122021 -1.10293 -0.208418 
-0.724983,-0.563876
1.72154 -0.0671308 -1.02722 -0.173607 
-0.563876,-0.402768
1.72859 -0.0296363 -0.960725 -0.134299 
-0.402768,-0.241661
1.73139 -0.00881378 -0.909026 -0.091513 
-0.241661,-0.0805537
1.73202 -0.000902413 -0.876289 -0.0463568 
-0.0805537,0.0805537
1.73205 4.57995e-17 -0.865086 -6.20208e-15 
0.0805537,0.241661
1.73202 0.000902413 -0.876289 0.0463568 
0.241661,0.402768
1.73139 0.00881378 -0.909026 0.091513 
0.402768,0.563876
1.72859 0.0296363 -0.960725 0.134299 
0.563876,0.724983
1.72154 0.0671308 -1.02722 0.173607 
0.724983,0.88609
1.70828 0.122021 -1.10293 0.208418 
0.88609,1.0472
1.68781 0.191304 -1.18112 0.237832 
1.0472,1.2083
1.66111 0.267805 -1.25417 0.261085 
1.2083,1.36941
1.63201 0.340046 -1.31396 0.277579 
1.36941,1.53052
1.60814 0.392351 -1.35216 0.286876 
1.53052,1.69163
1.60135 0.405655 -1.36085 0.288769 
1.69163,1.85273
1.62886 0.356871 -1.33201 0.283087 
1.85273,2.01384
1.70933 0.226573 -1.26168 0.270434 
2.01384,2.17495
1.88089 -0.0289992 -1.13477 0.249428 
2.17495,2.33606
2.11168 -0.347334 -0.988411 0.226996 
2.33606,2.49716
2.7121 -1.11841 -0.658337 0.179897 
2.49716,2.65827
2.42623 -0.774968 -0.795868 0.198256 
2.65827,2.81938
7.09327 -6.04198 1.1855 -0.0501974 
2.81938,2.98049
-9.25411 11.3527 -4.98418 0.67924 
2.98049,3.14159
68.3973 -66.8071 21.2397 -2.2536 
y(t) = 
-3.14159,-2.98049
-14.7741 -12.5959 -3.63537 -0.385725 
-2.98049,-2.81938
4.21524 6.51777 2.77758 0.33149 
-2.81938,-2.65827
-0.586759 1.40813 0.965248 0.11722 
-2.65827,-2.49716
-0.154113 1.89639 1.14893 0.140252 
-2.49716,-2.33606
-1.06577 0.801161 0.710337 0.0817071 
-2.33606,-2.17495
-2.00362 -0.403248 0.194763 0.0081395 
-2.17495,-2.01384
-3.4796 -2.43913 -0.741296 -0.135321 
-2.01384,-1.85273
-6.98427 -7.65999 -3.33379 -0.564433 
-1.85273,-1.69163
-18.4964 -26.3008 -13.395 -2.37459 
-1.69163,-1.53052
130.94 238.716 143.269 28.4959 
-1.53052,-1.36941
-100.89 -215.698 -153.633 -36.1667 
-1.36941,-1.2083
25.1687 60.4608 48.0293 12.9206 
-1.2083,-1.0472
-2.72055 -8.78308 -9.27733 -2.88847 
-1.0472,-0.88609
1.63196 3.68593 2.6297 0.901657 
-0.88609,-0.724983
0.809996 0.903054 -0.510923 -0.279797 
-0.724983,-0.563876
0.898208 1.26808 -0.00742851 -0.0483 
-0.563876,-0.402768
0.877867 1.15986 -0.19935 -0.161754 
-0.402768,-0.241661
0.877677 1.15844 -0.202868 -0.164665 
-0.241661,-0.0805537
0.877388 1.15485 -0.217742 -0.185182 
-0.0805537,0.0805537
0.877384 1.1547 -0.219549 -0.192658 
0.0805537,0.241661
0.877385 1.15465 -0.218948 -0.195145 
0.241661,0.402768
0.877465 1.15366 -0.214832 -0.200821 
0.402768,0.563876
0.876067 1.16407 -0.240683 -0.179427 
0.563876,0.724983
0.890466 1.08746 -0.104826 -0.259738 
0.724983,0.88609
0.786585 1.51733 -0.697756 0.0128791 
0.88609,1.0472
1.57513 -1.15241 2.31518 -1.12054 
1.0472,1.2083
-2.83905 11.4933 -9.76056 2.72329 
1.2083,1.36941
24.9479 -57.4967 47.3359 -13.0278 
1.36941,1.53052
-101.267 219.004 -154.576 36.1203 
1.53052,1.69163
130.341 -234.975 142.042 -28.4804 
1.69163,1.85273
-19.3934 30.5706 -14.9349 2.45167 
1.85273,2.01384
-8.26 12.5432 -5.20474 0.701068 
2.01384,2.17495
-5.21289 8.00395 -2.95072 0.327979 
2.17495,2.33606
-4.26197 6.6923 -2.34764 0.235552 
2.33606,2.49716
-3.89424 6.22005 -2.14549 0.206706 
2.49716,2.65827
-3.56267 5.82172 -1.98597 0.185414 
2.65827,2.81938
-4.53663 6.92089 -2.39947 0.237263 
2.81938,2.98049
-0.174706 2.27952 -0.753226 0.0426294 
2.98049,3.14159
-19.4274 21.6583 -7.25512 0.769792 
