x(t) = 
-3.14159,-3.10208
285.386 274.138 87.2547 9.25801 
-3.10208,-3.06256
-65.5798 -65.2791 -22.1616 -2.49931 
-3.06256,-3.02304
24.4985 22.9593 6.6504 0.63663 
-3.02304,-2.98353
0.887297 -0.471997 -1.10049 -0.218016 
-2.98353,-2.94401
6.58925 5.26144 0.821206 -0.00331479 
-2.94401,-2.90449
4.75889 3.39627 0.187657 -0.0750479 
-2.90449,-2.86497
4.88472 3.52623 0.232403 -0.0699127 
-2.86497,-2.82546
4.52443 3.14897 0.100721 -0.0852337 
-2.82546,-2.78594
4.30614 2.91719 0.018691 -0.0949111 
-2.78594,-2.74642
4.06816 2.66093 -0.0732932 -0.105917 
-2.74642,-2.70691
3.85179 2.42458 -0.15935 -0.116362 
-2.70691,-2.66739
3.64613 2.19665 -0.243555 -0.126731 
-2.66739,-2.62787
3.45363 1.98015 -0.324719 -0.136873 
-2.62787,-2.58836
3.27331 1.77429 -0.403056 -0.14681 
-2.58836,-2.54884
3.10501 1.57922 -0.47842 -0.156516 
-2.54884,-2.50932
2.94834 1.39482 -0.550768 -0.165977 
-2.50932,-2.46981
2.80294 1.22099 -0.620042 -0.17518 
-2.46981,-2.43029
2.66842 1.05759 -0.6862 -0.184108 
-2.43029,-2.39077
2.54438 0.904478 -0.749203 -0.19275 
-2.39077,-2.35125
2.43041 0.761462 -0.809022 -0.20109 
-2.35125,-2.31174
2.32607 0.628342 -0.865639 -0.209116 
-2.31174,-2.27222
2.23095 0.504895 -0.919039 -0.216816 
-2.27222,-2.2327
2.14459 0.390875 -0.969219 -0.224178 
-2.2327,-2.19319
2.06655 0.286021 -1.01618 -0.231189 
-2.19319,-2.15367
1.99639 0.190055 -1.05994 -0.237839 
-2.15367,-2.11415
1.93367 0.102683 -1.10051 -0.244118 
-2.11415,-2.07464
1.87794 0.0235991 -1.13791 -0.250016 
-2.07464,-2.03512
1.82876 -0.0475153 -1.17219 -0.255524 
-2.03512,-1.9956
1.7857 -0.110989 -1.20338 -0.260632 
-1.9956,-1.95609
1.74834 -0.16716 -1.23153 -0.265334 
-1.95609,-1.91657
1.71625 -0.216373 -1.25669 -0.269621 
-1.91657,-1.87705
1.68903 -0.258978 -1.27892 -0.273487 
-1.87705,-1.83754
1.66628 -0.295331 -1.29828 -0.276927 
-1.83754,-1.79802
1.64763 -0.32579 -1.31486 -0.279934 
-1.79802,-1.7585
1.63269 -0.350713 -1.32872 -0.282503 
-1.7585,-1.71898
1.62111 -0.370461 -1.33995 -0.284632 
-1.71898,-1.67947
1.61256 -0.385392 -1.34864 -0.286316 
-1.67947,-1.63995
1.6067 -0.395861 -1.35487 -0.287554 
-1.63995,-1.60043
1.60322 -0.402221 -1.35875 -0.288342 
-1.60043,-1.56092
1.60184 -0.404819 -1.36037 -0.28868 
-1.56092,-1.5214
1.60226 -0.403995 -1.35984 -0.288567 
-1.5214,-1.48188
1.60425 -0.400084 -1.35727 -0.288004 
-1.48188,-1.44237
1.60754 -0.39341 -1.35277 -0.286991 
-1.44237,-1.40285
1.61193 -0.384292 -1.34645 -0.28553 
-1.40285,-1.36333
1.61719 -0.373034 -1.33842 -0.283623 
-1.36333,-1.32382
1.62315 -0.359932 -1.32881 -0.281273 
-1.32382,-1.2843
1.62962 -0.345269 -1.31774 -0.278484 
-1.2843,-1.24478
1.63645 -0.329317 -1.30532 -0.275261 
-1.24478,-1.20527
1.64349 -0.312334 -1.29167 -0.271607 
-1.20527,-1.16575
1.65063 -0.294564 -1.27693 -0.26753 
-1.16575,-1.12623
1.65775 -0.276237 -1.26121 -0.263034 
-1.12623,-1.08671
1.66476 -0.257569 -1.24463 -0.258128 
-1.08671,-1.0472
1.67158 -0.23876 -1.22732 -0.252819 
-1.0472,-1.00768
1.67813 -0.219995 -1.20941 -0.247116 
-1.00768,-0.968164
1.68436 -0.201445 -1.191 -0.241026 
-0.968164,-0.928647
1.69022 -0.183262 -1.17222 -0.23456 
-0.928647,-0.88913
1.6957 -0.165587 -1.15318 -0.227728 
-0.88913,-0.849613
1.70075 -0.14854 -1.13401 -0.22054 
-0.849613,-0.810096
1.70537 -0.132229 -1.11481 -0.213008 
-0.810096,-0.770579
1.70955 -0.116745 -1.0957 -0.205143 
-0.770579,-0.731062
1.71329 -0.102164 -1.07678 -0.196958 
-0.731062,-0.691546
1.71661 -0.0885478 -1.05815 -0.188466 
-0.691546,-0.652029
1.71952 -0.0759414 -1.03992 -0.179679 
-0.652029,-0.612512
1.72203 -0.0643767 -1.02218 -0.170612 
-0.612512,-0.572995
1.72418 -0.0538714 -1.00503 -0.161278 
-0.572995,-0.533478
1.72598 -0.04443 -0.988556 -0.151692 
-0.533478,-0.493961
1.72747 -0.0360437 -0.972836 -0.14187 
-0.493961,-0.454444
1.72868 -0.0286916 -0.957952 -0.131826 
-0.454444,-0.414927
1.72964 -0.0223413 -0.943979 -0.121576 
-0.414927,-0.37541
1.73039 -0.0169493 -0.930984 -0.111137 
-0.37541,-0.335894
1.73095 -0.0124621 -0.919031 -0.100524 
-0.335894,-0.296377
1.73136 -0.00881673 -0.908178 -0.0897536 
-0.296377,-0.25686
1.73164 -0.00594171 -0.898477 -0.0788435 
-0.25686,-0.217343
1.73183 -0.00375788 -0.889975 -0.0678102 
-0.217343,-0.177826
1.73194 -0.0021793 -0.882712 -0.056671 
-0.177826,-0.138309
1.73201 -0.00111418 -0.876723 -0.0454434 
-0.138309,-0.0987922
1.73204 -0.000465771 -0.872035 -0.0341447 
-0.0987922,-0.0592753
1.73205 -0.00013339 -0.86867 -0.0227928 
-0.0592753,-0.0197584
1.73205 -1.33578e-05 -0.866645 -0.0114053 
-0.0197584,0.0197584
1.73205 -7.20372e-16 -0.865969 1.84958e-12 
0.0197584,0.0592753
1.73205 1.33578e-05 -0.866645 0.0114053 
0.0592753,0.0987922
1.73205 0.00013339 -0.86867 0.0227928 
0.0987922,0.138309
1.73204 0.000465771 -0.872035 0.0341447 
0.138309,0.177826
1.73201 0.00111418 -0.876723 0.0454434 
0.177826,0.217343
1.73194 0.0021793 -0.882712 0.056671 
0.217343,0.25686
1.73183 0.00375788 -0.889975 0.0678102 
0.25686,0.296377
1.73164 0.00594171 -0.898477 0.0788435 
0.296377,0.335894
1.73136 0.00881673 -0.908178 0.0897536 
0.335894,0.37541
1.73095 0.0124621 -0.919031 0.100524 
0.37541,0.414927
1.73039 0.0169493 -0.930984 0.111137 
0.414927,0.454444
1.72964 0.0223413 -0.943979 0.121576 
0.454444,0.493961
1.72868 0.0286916 -0.957952 0.131826 
0.493961,0.533478
1.72747 0.0360437 -0.972836 0.14187 
0.533478,0.572995
1.72598 0.04443 -0.988556 0.151692 
0.572995,0.612512
1.72418 0.0538714 -1.00503 0.161278 
0.612512,0.652029
1.72203 0.0643767 -1.02218 0.170612 
0.652029,0.691546
1.71952 0.0759414 -1.03992 0.179679 
0.691546,0.731062
1.71661 0.0885478 -1.05815 0.188466 
0.731062,0.770579
1.71329 0.102164 -1.07678 0.196958 
0.770579,0.810096
1.70955 0.116745 -1.0957 0.205143 
0.810096,0.849613
1.70537 0.132229 -1.11481 0.213008 
0.849613,0.88913
1.70075 0.14854 -1.13401 0.22054 
0.88913,0.928647
1.6957 0.165587 -1.15318 0.227728 
0.928647,0.968164
1.69022 0.183262 -1.17222 0.23456 
0.968164,1.00768
1.68436 0.201445 -1.191 0.241026 
1.00768,1.0472
1.67813 0.219995 -1.20941 0.247116 
1.0472,1.08671
1.67158 0.23876 -1.22732 0.252819 
1.08671,1.12623
1.66476 0.257569 -1.24463 0.258128 
1.12623,1.16575
1.65775 0.276237 -1.26121 0.263034 
1.16575,1.20527
1.65063 0.294564 -1.27693 0.26753 
1.20527,1.24478
1.64349 0.312334 -1.29167 0.271607 
1.24478,1.2843
1.63645 0.329317 -1.30532 0.275261 
1.2843,1.32382
1.62962 0.345269 -1.31774 0.278484 
1.32382,1.36333
1.62315 0.359932 -1.32881 0.281273 
1.36333,1.40285
1.61719 0.373034 -1.33842 0.283623 
1.40285,1.44237
1.61193 0.384292 -1.34645 0.28553 
1.44237,1.48188
1.60754 0.39341 -1.35277 0.286991 
1.48188,1.5214
1.60425 0.400084 -1.35727 0.288004 
1.5214,1.56092
1.60226 0.403995 -1.35984 0.288567 
1.56092,1.60043
1.60184 0.404819 -1.36037 0.28868 
1.60043,1.63995
1.60322 0.402221 -1.35875 0.288342 
1.63995,1.67947
1.6067 0.395861 -1.35487 0.287554 
1.67947,1.71898
1.61256 0.385392 -1.34864 0.286316 
1.71898,1.7585
1.62111 0.370461 -1.33995 0.284632 
1.7585,1.79802
1.63269 0.350713 -1.32872 0.282503 
1.79802,1.83754
1.64763 0.32579 -1.31486 0.279934 
1.83754,1.87705
1.66628 0.295331 -1.29828 0.276927 
1.87705,1.91657
1.68903 0.258978 -1.27892 0.273487 
1.91657,1.95609
1.71625 0.216373 -1.25669 0.269621 
1.95609,1.9956
1.74834 0.16716 -1.23153 0.265334 
1.9956,2.03512
1.7857 0.110989 -1.20338 0.260632 
2.03512,2.07464
1.82876 0.0475153 -1.17219 0.255524 
2.07464,2.11415
1.87794 -0.0235991 -1.13791 0.250016 
2.11415,2.15367
1.93367 -0.102683 -1.10051 0.244118 
2.15367,2.19319
1.99639 -0.190055 -1.05994 0.237839 
2.19319,2.2327
2.06655 -0.286021 -1.01618 0.231189 
2.2327,2.27222
2.14459 -0.390875 -0.969219 0.224178 
2.27222,2.31174
2.23095 -0.504895 -0.919039 0.216816 
2.31174,2.35125
2.32607 -0.628342 -0.865639 0.209116 
2.35125,2.39077
2.43041 -0.761462 -0.809022 0.20109 
2.39077,2.43029
2.54438 -0.904478 -0.749203 0.19275 
2.43029,2.46981
2.66842 -1.05759 -0.6862 0.184108 
2.46981,2.50932
2.80294 -1.22099 -0.620042 0.17518 
2.50932,2.54884
2.94834 -1.39482 -0.550768 0.165977 
2.54884,2.58836
3.10501 -1.57922 -0.47842 0.156516 
2.58836,2.62787
3.27331 -1.77429 -0.403056 0.14681 
2.62787,2.66739
3.45363 -1.98015 -0.324719 0.136873 
2.66739,2.70691
3.64613 -2.19665 -0.243555 0.126731 
2.70691,2.74642
3.85179 -2.42458 -0.15935 0.116362 
2.74642,2.78594
4.06816 -2.66093 -0.0732932 0.105917 
2.78594,2.82546
4.30614 -2.91719 0.018691 0.0949111 
2.82546,2.86497
4.52443 -3.14897 0.100721 0.0852337 
2.86497,2.90449
4.88472 -3.52623 0.232403 0.0699127 
2.90449,2.94401
4.75889 -3.39627 0.187657 0.0750479 
2.94401,2.98353
6.58925 -5.26144 0.821206 0.00331479 
2.98353,3.02304
0.887297 0.471997 -1.10049 0.218016 
3.02304,3.06256
24.4985 -22.9593 6.6504 -0.63663 
3.06256,3.10208
-65.5798 65.2791 -22.1616 2.49931 
3.10208,3.14159
285.386 -274.138 87.2547 -9.25801 
y(t) = 
-3.14159,-3.10208
-69.5578 -64.9412 -20.3023 -2.15414 
-3.10208,-3.06256
19.1785 20.8752 7.3619 0.818513 
-3.06256,-3.02304
-3.77464 -1.60914 0.0202212 0.0194348 
-3.02304,-2.98353
2.0577 4.17874 1.93481 0.230545 
-2.98353,-2.94401
0.463179 2.57542 1.39742 0.170506 
-2.94401,-2.90449
0.772276 2.8904 1.50441 0.182619 
-2.90449,-2.86497
0.582309 2.69418 1.43685 0.174866 
-2.86497,-2.82546
0.511794 2.62035 1.41108 0.171868 
-2.82546,-2.78594
0.401683 2.50343 1.3697 0.166986 
-2.78594,-2.74642
0.292864 2.38625 1.32764 0.161954 
-2.74642,-2.70691
0.174752 2.25724 1.28066 0.156252 
-2.70691,-2.66739
0.0498825 2.11885 1.22954 0.149956 
-2.66739,-2.62787
-0.0827055 1.96972 1.17363 0.14297 
-2.62787,-2.58836
-0.223233 1.8093 1.11258 0.135226 
-2.58836,-2.54884
-0.372306 1.63652 1.04583 0.12663 
-2.54884,-2.50932
-0.530674 1.45012 0.972701 0.117066 
-2.50932,-2.46981
-0.699349 1.24846 0.892337 0.106391 
-2.46981,-2.43029
-0.879656 1.02944 0.80366 0.0944224 
-2.43029,-2.39077
-1.07332 0.790381 0.705292 0.0809304 
-2.39077,-2.35125
-1.28258 0.527793 0.595458 0.0656168 
-2.35125,-2.31174
-1.51036 0.237171 0.471855 0.0480939 
-2.31174,-2.27222
-1.76045 -0.0873854 0.33146 0.0278501 
-2.27222,-2.2327
-2.03789 -0.453678 0.170255 0.00420143 
-2.2327,-2.19319
-2.34933 -0.872151 -0.0171733 -0.0237809 
-2.19319,-2.15367
-2.70378 -1.35699 -0.238241 -0.0573801 
-2.15367,-2.11415
-3.11358 -1.92784 -0.503298 -0.0984041 
-2.11415,-2.07464
-3.59599 -2.61238 -0.827089 -0.149455 
-2.07464,-2.03512
-4.17575 -3.45074 -1.23119 -0.214382 
-2.03512,-1.9956
-4.88919 -4.50242 -1.74795 -0.299024 
-1.9956,-1.95609
-5.792 -5.85963 -2.42805 -0.412623 
-1.95609,-1.91657
-6.97104 -7.66788 -3.35248 -0.570153 
-1.91657,-1.87705
-8.57565 -10.1796 -4.66299 -0.79808 
-1.87705,-1.83754
-10.8515 -13.8169 -6.60078 -1.1422 
-1.83754,-1.79802
-14.3293 -19.4949 -9.69081 -1.70274 
-1.79802,-1.7585
-19.8883 -28.7701 -14.8494 -2.65908 
-1.7585,-1.71898
-30.4781 -46.8363 -25.123 -4.6065 
-1.71898,-1.67947
-51.3438 -83.2514 -46.3071 -8.71436 
-1.67947,-1.63995
-115.632 -198.088 -114.684 -22.2855 
-1.63995,-1.60043
-382.987 -687.167 -412.911 -82.9027 
-1.60043,-1.56092
3869.63 7284.33 4567.92 954.49 
-1.56092,-1.5214
-4362.44 -8537.28 -5568.18 -1210.07 
-1.5214,-1.48188
1435.93 2896.34 1947.02 436.482 
-1.48188,-1.44237
-287.359 -592.371 -407.222 -93.079 
-1.44237,-1.40285
96.2352 205.474 145.928 34.7548 
-1.40285,-1.36333
-11.2976 -24.4856 -17.995 -4.19523 
-1.36333,-1.32382
9.87575 22.1061 16.1798 4.16048 
-1.32382,-1.2843
2.16611 4.63463 2.98204 0.837312 
-1.2843,-1.24478
2.71928 5.9268 3.98817 1.09845 
-1.24478,-1.20527
1.82272 3.76602 2.2523 0.633608 
-1.20527,-1.16575
1.58034 3.16274 1.75176 0.495178 
-1.16575,-1.12623
1.34815 2.5652 1.23918 0.348609 
-1.12623,-1.08671
1.21374 2.20718 0.921286 0.254522 
-1.08671,-1.0472
1.11769 1.94201 0.677272 0.179674 
-1.0472,-1.00768
1.05206 1.754 0.497737 0.122526 
-1.00768,-0.968164
1.00528 1.61473 0.359532 0.0768095 
-0.968164,-0.928647
0.971682 1.51061 0.251993 0.0397842 
-0.928647,-0.88913
0.94717 1.43143 0.166722 0.00917669 
-0.88913,-0.849613
0.92912 1.37053 0.0982261 -0.0165023 
-0.849613,-0.810096
0.915721 1.32321 0.0425395 -0.0383501 
-0.810096,-0.770579
0.905721 1.28618 -0.00317411 -0.0571601 
-0.770579,-0.731062
0.898234 1.25703 -0.0410012 -0.0735231 
-0.731062,-0.691546
0.892623 1.23401 -0.0724967 -0.0878837 
-0.691546,-0.652029
0.888424 1.21579 -0.0988393 -0.100581 
-0.652029,-0.612512
0.885293 1.20138 -0.120936 -0.111877 
-0.612512,-0.572995
0.882972 1.19002 -0.139494 -0.121977 
-0.572995,-0.533478
0.881267 1.18109 -0.155075 -0.131041 
-0.533478,-0.493961
0.880028 1.17412 -0.168131 -0.139199 
-0.493961,-0.454444
0.879142 1.16874 -0.179028 -0.146553 
-0.454444,-0.414927
0.878519 1.16463 -0.188073 -0.153187 
-0.414927,-0.37541
0.878092 1.16154 -0.195522 -0.159171 
-0.37541,-0.335894
0.877806 1.15926 -0.201592 -0.164561 
-0.335894,-0.296377
0.877623 1.15762 -0.206473 -0.169405 
-0.296377,-0.25686
0.87751 1.15648 -0.210331 -0.173744 
-0.25686,-0.217343
0.877444 1.15571 -0.213312 -0.177612 
-0.217343,-0.177826
0.877409 1.15523 -0.215547 -0.18104 
-0.177826,-0.138309
0.877392 1.15494 -0.217156 -0.184056 
-0.138309,-0.0987922
0.877385 1.15479 -0.218246 -0.186683 
-0.0987922,-0.0592753
0.877383 1.15472 -0.218917 -0.188946 
-0.0592753,-0.0197584
0.877383 1.1547 -0.219258 -0.190865 
-0.0197584,0.0197584
0.877383 1.1547 -0.219353 -0.192463 
0.0197584,0.0592753
0.877383 1.1547 -0.219276 -0.19376 
0.0592753,0.0987922
0.877383 1.15469 -0.219095 -0.194778 
0.0987922,0.138309
0.877384 1.15467 -0.218869 -0.19554 
0.138309,0.177826
0.877385 1.15464 -0.218649 -0.196071 
0.177826,0.217343
0.877387 1.1546 -0.218475 -0.196396 
0.217343,0.25686
0.877388 1.15458 -0.218379 -0.196544 
0.25686,0.296377
0.877388 1.15458 -0.218375 -0.196549 
0.296377,0.335894
0.877386 1.15461 -0.218467 -0.196445 
0.335894,0.37541
0.877379 1.15467 -0.218638 -0.196276 
0.37541,0.414927
0.877369 1.15475 -0.218848 -0.196089 
0.414927,0.454444
0.877359 1.15482 -0.219032 -0.195941 
0.454444,0.493961
0.877355 1.15485 -0.21909 -0.195899 
0.493961,0.533478
0.877372 1.15474 -0.218879 -0.196041 
0.533478,0.572995
0.877436 1.15438 -0.218202 -0.196464 
0.572995,0.612512
0.87759 1.15358 -0.216796 -0.197282 
0.612512,0.652029
0.877902 1.15205 -0.214306 -0.198637 
0.652029,0.691546
0.878474 1.14942 -0.210263 -0.200704 
0.691546,0.731062
0.879466 1.14512 -0.204045 -0.203701 
0.731062,0.770579
0.881109 1.13837 -0.194821 -0.207907 
0.770579,0.810096
0.883748 1.1281 -0.181486 -0.213675 
0.810096,0.849613
0.887891 1.11276 -0.162548 -0.221468 
0.849613,0.88913
0.894284 1.09018 -0.135977 -0.231893 
0.88913,0.928647
0.904032 1.05729 -0.0989857 -0.245761 
0.928647,0.968164
0.91879 1.00962 -0.0476489 -0.264188 
0.968164,1.00768
0.941019 0.940738 0.0234953 -0.288682 
1.00768,1.0472
0.974637 0.840652 0.122819 -0.321538 
1.0472,1.08671
1.02514 0.695978 0.260972 -0.365513 
1.08671,1.12623
1.10392 0.4785 0.461096 -0.426898 
1.12623,1.16575
1.2187 0.172732 0.732593 -0.507254 
1.16575,1.20527
1.42875 -0.367822 1.19629 -0.639843 
1.20527,1.24478
1.64625 -0.909195 1.64546 -0.764068 
1.24478,1.2843
2.51503 -3.00299 3.32752 -1.2145 
1.2843,1.32382
1.93095 -1.63863 2.26518 -0.938773 
1.32382,1.36333
9.60638 -19.0325 15.4044 -4.24719 
1.36333,1.40285
-11.6047 27.6421 -18.8313 4.1234 
1.40285,1.44237
95.8867 -202.229 145.028 -34.8116 
1.44237,1.48188
-287.753 595.71 -408.186 93.0373 
1.48188,1.5214
1435.49 -2892.9 1945.99 -436.508 
1.5214,1.56092
-4362.94 8540.82 -5569.28 1210.06 
1.56092,1.60043
3869.08 -7280.67 4566.75 -954.486 
1.60043,1.63995
-383.604 690.939 -414.157 82.9217 
1.63995,1.67947
-116.316 201.983 -116.004 22.3197 
1.67947,1.71898
-52.0991 87.2743 -47.7035 8.76366 
1.71898,1.7585
-31.3098 50.9926 -26.597 4.67085 
1.7585,1.79802
-20.8012 33.065 -16.4022 2.73836 
1.79802,1.83754
-15.3284 23.9335 -11.3236 1.79684 
1.83754,1.87705
-11.9416 18.4041 -8.31443 1.25098 
1.87705,1.91657
-9.76167 14.9201 -6.45831 0.92136 
1.91657,1.95609
-8.25781 12.5661 -5.23008 0.707743 
1.95609,1.9956
-7.18427 10.9196 -4.38836 0.564308 
1.9956,2.03512
-6.39159 9.72798 -3.79123 0.464567 
2.03512,2.07464
-5.79278 8.84527 -3.3575 0.393524 
2.07464,2.11415
-5.33196 8.17891 -3.0363 0.341918 
2.11415,2.15367
-4.97258 7.66894 -2.79509 0.303886 
2.15367,2.19319
-4.68963 7.2748 -2.61208 0.275561 
2.19319,2.2327
-4.46555 6.96828 -2.47232 0.25432 
2.2327,2.27222
-4.28764 6.72924 -2.36525 0.238335 
2.27222,2.31174
-4.14652 6.54291 -2.28325 0.226306 
2.31174,2.35125
-4.03507 6.39828 -2.22069 0.217285 
2.35125,2.39077
-3.94779 6.28691 -2.17332 0.21057 
2.39077,2.43029
-3.88032 6.20226 -2.13792 0.205633 
2.43029,2.46981
-3.82919 6.13914 -2.11194 0.202071 
2.46981,2.50932
-3.7915 6.09336 -2.09341 0.199569 
2.50932,2.54884
-3.76485 6.0615 -2.08071 0.197882 
2.54884,2.58836
-3.74719 6.04071 -2.07255 0.196816 
2.58836,2.62787
-3.7367 6.02856 -2.06786 0.196211 
2.62787,2.66739
-3.73182 6.02298 -2.06574 0.195942 
2.66739,2.70691
-3.73104 6.02211 -2.06541 0.195901 
2.70691,2.74642
-3.73322 6.02452 -2.0663 0.196011 
2.74642,2.78594
-3.7364 6.028 -2.06757 0.196164 
2.78594,2.82546
-3.7421 6.03414 -2.06977 0.196428 
2.82546,2.86497
-3.73865 6.03048 -2.06847 0.196275 
2.86497,2.90449
-3.76582 6.05893 -2.0784 0.19743 
2.90449,2.94401
-3.66339 5.95313 -2.04198 0.19325 
2.94401,2.98353
-4.04868 6.34574 -2.17534 0.20835 
2.98353,3.02304
-2.51775 4.80635 -1.65938 0.150704 
3.02304,3.06256
-8.39978 10.6436 -3.59028 0.363614 
3.06256,3.10208
14.5189 -11.807 3.74036 -0.434264 
3.10208,3.14159
-74.2353 74.0268 -23.9294 2.53899 
