x(t) = 
0,3.31875
0 1.75372 0 -0.0452792 
3.31875,9.42882
-2.38318 4.31365 -0.832467 0.0383333 
9.42882,18.9141
42.138 -8.58485 0.468333 -0.00765331 
18.9141,31.9113
6.93116 -3.93725 0.247372 -0.0037592 
31.9113,48.4704
-217.003 17.1146 -0.412322 0.0031317 
48.4704,68.6149
237.755 -10.7432 0.159439 -0.000800325 
68.6149,92.3575
-129.322 5.2334 -0.0728749 0.000328266 
92.3575,119.706
342.564 -10.0901 0.093016 -0.000270462 
119.706,150.666
-200.094 3.46307 -0.0200101 4.42705e-05 
y(t) = 
0,3.31875
1 0.485808 0 -0.0307703 
3.31875,9.42882
-0.449444 2.47545 -0.701874 0.0397255 
9.42882,18.9141
54.7375 -14.8024 1.11567 -0.0245294 
18.9141,31.9113
-181.726 21.6794 -0.786068 0.00898591 
31.9113,48.4704
169.039 -10.5371 0.211597 -0.00143531 
48.4704,68.6149
-41.2469 2.33719 -0.0525586 0.000381299 
68.6149,92.3575
345.426 -14.6498 0.1956 -0.000824264 
92.3575,119.706
-680.58 18.624 -0.164383 0.000474973 
119.706,150.666
253.51 -4.70117 0.0301184 -6.6634e-05 
