x(t) = 
0,0.95494
0 1.01289 0 -1.23511 
0.95494,1.96437
-3.2434 11.4173 -11.0079 2.60734 
1.96437,3.07477
26.0926 -33.1787 11.642 -1.23613 
3.07477,4.3214
-4.39428 -3.84465 2.16872 -0.209139 
4.3214,5.72931
-15.9798 4.08442 0.347055 -0.068624 
5.72931,7.31593
-41.7189 17.5683 -2.00698 0.0683344 
7.31593,9.09344
-42.1256 17.8274 -2.04871 0.0702358 
9.09344,11.0705
-12.4214 8.10419 -0.983659 0.0311948 
11.0705,13.2534
5.75354 3.22035 -0.54437 0.0179678 
13.2534,15.6468
40.4796 -4.62173 0.0466393 0.00310346 
15.6468,18.2542
68.194 -9.9386 0.386545 -0.00413779 
18.2542,21.0783
85.2146 -12.7506 0.540992 -0.00695809 
21.0783,24.1214
81.0461 -12.1756 0.514148 -0.00653358 
24.1214,27.3851
55.2327 -8.98117 0.38205 -0.00470811 
27.3851,30.8708
10.8959 -4.13496 0.205282 -0.00255649 
30.8708,34.5796
-27.4176 -0.417534 0.0849582 -0.00125726 
34.5796,38.5125
-106.509 6.44351 -0.113445 0.00065527 
38.5125,42.6704
90.8391 -8.9329 0.285859 -0.00280078 
42.6704,47.0537
-374.284 23.7696 -0.480554 0.0031863 
47.0537,51.6633
-110.083 6.93295 -0.122823 0.000652094 
51.6633,56.4994
-50.4574 3.47261 -0.0558634 0.000220071 
56.4994,61.5626
-139.017 8.17717 -0.139151 0.000711446 
61.5626,66.8532
-256.218 13.8931 -0.232035 0.00121437 
66.8532,72.3715
311.887 -11.5991 0.149272 -0.000686843 
72.3715,78.1179
-633.288 27.5839 -0.392162 0.00180693 
78.1179,84.0926
881.343 -30.5822 0.352425 -0.00137027 
84.0926,90.2958
-308.618 11.8675 -0.15236 0.000630643 
90.2958,96.7276
-81.5088 4.32462 -0.0688395 0.000322322 
96.7276,103.388
1416.81 -42.1487 0.411632 -0.00133343 
103.388,110.278
-1597.77 45.3248 -0.434435 0.00139436 
110.278,117.397
2313.43 -61.0755 0.530402 -0.00152201 
117.397,124.746
-1292.3 31.0635 -0.254435 0.000706426 
124.746,132.324
1357.22 -32.6547 0.25635 -0.000658442 
132.324,140.131
-932.625 19.259 -0.13597 0.000329841 
140.131,148.168
1704.45 -37.198 0.266921 -0.000628527 
148.168,156.435
-2559.54 49.1364 -0.315758 0.000682326 
156.435,164.932
3706.93 -71.0387 0.452457 -0.000954596 
164.932,173.658
-4504.14 78.3151 -0.453093 0.000875556 
173.658,182.615
675.858 -11.1678 0.0621803 -0.0001135 
y(t) = 
0,0.95494
1 -4.71879 0 1.48768 
0.95494,1.96437
3.45337 -12.4135 8.0512 -1.32269 
1.96437,3.07477
-2.2131 -4.12191 3.92239 -0.622077 
3.07477,4.3214
-26.7026 19.6563 -3.79212 0.214247 
4.3214,5.72931
-26.2141 19.4954 -3.77551 0.212966 
5.72931,7.31593
-2.146 7.04973 -1.61692 0.0873782 
7.31593,9.09344
26.8519 -4.78002 -0.00411778 0.0138947 
9.09344,11.0705
45.4797 -10.927 0.671946 -0.0108874 
11.0705,13.2534
56.3967 -13.9142 0.943078 -0.0190513 
13.2534,15.6468
52.7052 -13.1158 0.884237 -0.0175713 
15.6468,18.2542
31.4486 -9.07247 0.626858 -0.0120882 
18.2542,21.0783
-5.05585 -3.09417 0.299932 -0.00611833 
21.0783,24.1214
-48.4887 3.07855 0.00729623 -0.00149059 
24.1214,27.3851
-86.7182 7.83378 -0.189853 0.00123382 
27.3851,30.8708
-107.593 10.1266 -0.273688 0.00225427 
30.8708,34.5796
-106.184 9.99737 -0.269628 0.00221042 
34.5796,38.5125
-78.0152 7.56033 -0.199249 0.001532 
38.5125,42.6704
-72.8023 7.15985 -0.188923 0.00144263 
42.6704,47.0537
-126.151 10.9176 -0.277067 0.0021312 
47.0537,51.6633
114.603 -4.4284 0.049029 -0.000178903 
51.6633,56.4994
104.858 -3.86327 0.0380978 -0.000108374 
56.4994,61.5626
-270.561 16.0747 -0.314827 0.0019738 
61.5626,66.8532
734.337 -32.896 0.480645 -0.00233332 
66.8532,72.3715
-40.5143 1.86983 -0.0393486 0.000259396 
72.3715,78.1179
-204.598 8.6739 -0.133381 0.000692495 
78.1179,84.0926
1013 -38.0893 0.465264 -0.00186195 
84.0926,90.2958
-565.65 18.226 -0.2044 0.000792518 
90.2958,96.7276
768.409 -26.0978 0.286476 -0.00101959 
96.7276,103.388
-679.529 18.8087 -0.177773 0.000580264 
103.388,110.278
1142.58 -34.0647 0.333639 -0.00106857 
110.278,117.397
-1355.24 33.8852 -0.282525 0.000793877 
117.397,124.746
758.343 -20.125 0.177534 -0.000512397 
124.746,132.324
-375.169 7.1333 -0.040971 7.14717e-05 
132.324,140.131
-1113.84 23.8819 -0.16755 0.000390335 
140.131,148.168
1476.48 -31.5737 0.228192 -0.000551029 
148.168,156.435
-2954.65 58.1457 -0.377335 0.000811225 
156.435,164.932
2492.54 -46.316 0.290427 -0.00061165 
164.932,173.658
-2881.19 51.4287 -0.302211 0.000586094 
173.658,182.615
798.291 -12.1336 0.0638032 -0.000116462 
