x(t) = 
0,0.236928
0 4.8596 0 -9.77486 
0.236928,0.474687
-0.122053 6.39892 -6.48409 -0.652405 
0.474687,0.7141
-0.627819 9.59499 -13.2167 4.07537 
0.7141,0.955972
-0.647162 9.68364 -13.3461 4.13574 
0.955972,1.20109
0.124395 7.27312 -10.8301 3.25847 
1.20109,1.45019
3.06788 -0.0693783 -4.7209 1.563 
1.45019,1.704
4.54156 -3.11095 -2.62595 1.08146 
1.704,1.9632
11.9754 -16.1961 5.05233 -0.420545 
1.9632,2.22842
7.80794 -9.8277 1.80845 0.130235 
2.22842,2.50025
19.6274 -25.742 8.95048 -0.93809 
2.50025,2.77924
12.6845 -17.4164 5.62162 -0.494286 
2.77924,3.0659
15.6529 -20.6252 6.77699 -0.632858 
3.0659,3.36071
12.6218 -17.6646 5.81221 -0.527965 
3.36071,3.6641
9.33189 -14.7327 4.94054 -0.441507 
3.6641,3.97645
2.74617 -9.3447 3.47062 -0.307784 
3.97645,4.29814
2.96597 -9.5142 3.5137 -0.311396 
4.29814,4.6295
-13.349 1.87064 0.865227 -0.105999 
4.6295,4.97083
-15.5669 3.30658 0.555191 -0.0836761 
4.97083,5.32241
-6.63391 -2.08634 1.64028 -0.15644 
5.32241,5.68449
-58.8464 27.3438 -3.88923 0.189864 
5.68449,6.05732
14.3719 -11.2974 2.90844 -0.208745 
6.05732,6.44109
-89.3429 40.0698 -5.5718 0.257921 
6.44109,6.83602
-0.418257 -1.3461 0.858024 -0.0748288 
6.83602,7.24227
-53.7478 22.0579 -2.56563 0.0921131 
7.24227,7.66001
-70.5803 29.0328 -3.52886 0.136447 
7.66001,8.0894
14.008 -4.09492 0.795845 -0.0517472 
8.0894,8.53057
-88.4956 33.9202 -3.90359 0.141899 
8.53057,8.98366
-28.2304 12.7283 -1.41948 0.0448317 
8.98366,9.44877
-29.662 13.2074 -1.47287 0.0468128 
9.44877,9.92603
-10.8358 7.23092 -0.840399 0.0245004 
9.92603,10.4155
-52.6414 19.8671 -2.11349 0.0672531 
10.4155,10.9174
-1.27723 5.07376 -0.693227 0.0217996 
10.9174,11.4317
-9.66179 7.37839 -0.904353 0.0282458 
11.4317,11.9584
2.98722 4.05953 -0.614059 0.0197812 
11.9584,12.4978
1.14482 4.52227 -0.652776 0.0208604 
12.4978,13.0498
7.52528 2.9912 -0.530289 0.0175935 
13.0498,13.6145
39.7773 -4.4229 0.0378392 0.00308172 
13.6145,14.1921
28.4402 -1.92461 -0.145667 0.00757462 
14.1921,14.7824
41.5942 -4.70504 0.0502424 0.00297324 
14.7824,15.3857
47.1773 -5.83806 0.126887 0.00124494 
15.3857,16.0019
54.6256 -7.29039 0.221284 -0.000800166 
16.0019,16.631
60.9369 -8.47372 0.295235 -0.00234064 
16.631,17.2733
66.8335 -9.53751 0.359203 -0.00362274 
17.2733,17.9286
71.9339 -10.4235 0.4105 -0.00461265 
17.9286,18.597
76.1976 -11.1371 0.450311 -0.00535283 
18.597,19.2785
79.4973 -11.6697 0.478951 -0.00586619 
19.2785,19.9733
81.7586 -12.0218 0.497223 -0.00618212 
19.9733,20.6812
82.8835 -12.191 0.505701 -0.0063236 
20.6812,21.4025
82.9361 -12.1989 0.506089 -0.00632985 
21.4025,22.137
81.4324 -11.9884 0.496258 -0.00617674 
22.137,22.8848
80.248 -11.8281 0.489025 -0.00606783 
22.8848,23.6459
71.7312 -10.7119 0.440254 -0.00535744 
23.6459,24.4205
87.2686 -12.6834 0.523635 -0.00653286 
24.4205,25.2083
-0.851794 -1.85813 0.0803521 -0.000482146 
25.2083,26.0097
149.591 -19.7623 0.790603 -0.00987389 
26.0097,26.8244
32.6035 -6.26902 0.27183 -0.00322542 
26.8244,27.6526
49.2042 -8.12578 0.341052 -0.00408561 
27.6526,28.4942
32.0888 -6.26912 0.273913 -0.00327629 
28.4942,29.3494
23.6082 -5.37638 0.242585 -0.0029098 
29.3494,30.218
14.0253 -4.39698 0.209216 -0.00253082 
30.218,31.1002
-3.06244 -2.70063 0.153081 -0.0019116 
31.1002,31.9959
99.8922 -12.6321 0.472421 -0.0053343 
31.9959,32.9051
-109.529 7.00362 -0.141272 0.00105916 
32.9051,33.828
-14.8204 -1.6311 0.121141 -0.00159912 
33.828,34.7644
-38.0779 0.43141 0.0601711 -0.000998337 
34.7644,35.7144
-118.332 7.357 -0.139044 0.000911808 
35.7144,36.678
189.233 -18.4785 0.58435 -0.00583985 
36.678,37.6552
-164.098 10.4213 -0.203583 0.00132096 
37.6552,38.6461
-231.212 15.7684 -0.345585 0.002578 
38.6461,39.6506
-18.0034 -0.782399 0.0826804 -0.00111591 
39.6506,40.6688
-306.469 21.0432 -0.46777 0.00351159 
40.6688,41.7006
652.785 -49.7179 1.27217 -0.0107495 
41.7006,42.7461
-853.332 58.6342 -1.32616 0.0100203 
42.7461,43.8053
24.5871 -2.97948 0.11522 -0.0012196 
43.8053,44.8782
-325.311 20.9832 -0.431808 0.00294297 
44.8782,45.9648
527.255 -36.0088 0.838119 -0.00648942 
45.9648,47.0651
-553.825 34.5504 -0.696948 0.00464277 
47.0651,48.1792
-327.046 20.0953 -0.389822 0.00246759 
48.1792,49.3069
-285.599 17.5147 -0.33626 0.00209701 
49.3069,50.4484
753.445 -45.7044 0.945894 -0.00657083 
50.4484,51.6037
-941.027 55.0602 -1.05148 0.00662666 
51.6037,52.7727
-145.731 8.82561 -0.15553 0.000839254 
52.7727,53.9554
-218.739 12.976 -0.234178 0.00133603 
53.9554,55.1519
800.01 -43.668 0.815654 -0.00514978 
55.1519,56.3622
-1349.22 73.2397 -1.30409 0.00766175 
56.3622,57.5863
152.591 -6.69706 0.11418 -0.000726062 
57.5863,58.8241
409.985 -20.1063 0.347036 -0.00207393 
58.8241,60.0758
-622.206 32.535 -0.547857 0.00299708 
60.0758,61.3412
-213.077 12.1044 -0.207779 0.00111014 
61.3412,62.6204
196.312 -7.91744 0.118623 -0.000663555 
62.6204,63.9135
-190.954 10.6356 -0.177655 0.000913554 
63.9135,65.2203
-305.687 16.0211 -0.261917 0.00135302 
65.2203,66.541
205.547 -7.4946 0.0986397 -0.000489749 
66.541,67.8755
-365.444 18.2486 -0.288237 0.00144829 
67.8755,69.2238
92.5765 -1.99526 0.0100117 -1.63969e-05 
69.2238,70.5859
213.685 -7.24386 0.0858326 -0.000381497 
70.5859,71.9619
-863.441 38.5356 -0.562732 0.00268127 
71.9619,73.3517
850.948 -32.9351 0.430442 -0.00191919 
73.3517,74.7554
3.81599 1.71159 -0.0418936 0.000227249 
74.7554,76.1729
-1257.49 52.3289 -0.719 0.00324646 
76.1729,77.6042
1729.56 -65.3132 0.82541 -0.0035119 
77.6042,79.0494
-661.894 27.1348 -0.365866 0.00160499 
79.0494,80.5085
-1020.33 40.7378 -0.537949 0.00233062 
80.5085,81.9814
2402.44 -86.8055 1.04627 -0.00422861 
81.9814,83.4682
-1986.28 73.7938 -0.912699 0.0037365 
83.4682,84.9689
368.274 -10.8329 0.10118 -0.000312465 
84.9689,86.4834
2535.29 -87.344 1.00164 -0.00384498 
86.4834,88.0118
-4181.12 145.64 -1.69233 0.0065384 
88.0118,89.5541
3709.47 -123.321 1.36363 -0.00503567 
89.5541,91.1103
234.613 -6.91627 0.063807 -0.000197519 
91.1103,92.6803
-3884.7 128.721 -1.42491 0.00524906 
92.6803,94.2643
5863.8 -186.831 1.97983 -0.00699641 
94.2643,95.8621
-3963.64 125.931 -1.3381 0.00473632 
95.8621,97.4738
994.197 -29.2242 0.280423 -0.000891638 
97.4738,99.0994
4027.78 -122.591 1.23829 -0.00416726 
99.0994,100.739
-7609.27 229.694 -2.31657 0.00778996 
100.739,102.392
8516.19 -250.522 2.45036 -0.00798326 
102.392,104.06
-4361.73 126.789 -1.23459 0.00401292 
104.06,105.741
174.221 -3.98029 0.0220835 -1.25842e-05 
105.741,107.436
4984.66 -140.459 1.31277 -0.0040813 
107.436,109.145
-8125.3 225.619 -2.09463 0.00649058 
109.145,110.868
9053.3 -246.558 2.23152 -0.00672164 
110.868,112.605
-5321.27 142.406 -1.27684 0.00382651 
112.605,114.356
1924.78 -50.642 0.437543 -0.00124842 
114.356,116.12
2463.13 -64.7652 0.561046 -0.00160841 
116.12,117.899
-5078.48 130.074 -1.11687 0.00320818 
117.899,119.691
6994.71 -177.134 1.48883 -0.00415886 
119.691,121.498
-5782.84 143.128 -1.1869 0.00329289 
121.498,123.318
4635.22 -114.113 0.930341 -0.00251583 
123.318,125.153
-1820.83 42.9456 -0.343259 0.000926752 
125.153,127.001
272.135 -7.22432 0.057611 -0.000140932 
127.001,128.863
1783.06 -42.9153 0.338641 -0.000878537 
128.863,130.739
-2231.66 50.5495 -0.386663 0.000997625 
130.739,132.629
2802.14 -64.9583 0.496835 -0.00125495 
132.629,134.533
-1755.41 38.131 -0.280439 0.000698555 
134.533,136.451
1522.7 -34.9687 0.262919 -0.000647726 
136.451,138.383
-756.194 15.1348 -0.104271 0.000249274 
138.383,140.329
1198.22 -27.2349 0.201906 -0.000488238 
140.329,142.288
-1567.77 31.8975 -0.219479 0.00051271 
142.288,144.262
3096.58 -66.4455 0.471674 -0.00110642 
144.262,146.25
-4645.22 94.5491 -0.644313 0.00147218 
146.25,148.251
6928.13 -142.853 0.978955 -0.00222758 
148.251,150.267
-8312.25 165.55 -1.10132 0.00244977 
150.267,152.296
9081.8 -181.714 1.20966 -0.00267661 
152.296,154.34
-8705.75 168.673 -1.09103 0.00235895 
154.34,156.397
7446.29 -145.284 0.943166 -0.00203438 
156.397,158.468
-5650.71 105.942 -0.663166 0.00138924 
158.468,160.554
3315.99 -63.8088 0.408027 -0.000863985 
160.554,162.653
-831.856 13.6949 -0.0747005 0.000138229 
162.653,164.766
-2273.52 40.2853 -0.23818 0.000473256 
164.766,166.893
5241.28 -96.5413 0.592249 -0.00120676 
166.893,169.034
-8936.56 158.313 -0.934801 0.00184319 
169.034,171.19
12197.1 -216.765 1.28414 -0.00253253 
171.19,173.359
-16269.1 282.089 -1.6299 0.00314158 
173.359,175.542
19535.4 -337.514 1.94421 -0.00373071 
175.542,177.738
-23434.5 396.841 -2.23916 0.00421303 
177.738,179.949
25169.5 -423.533 2.37646 -0.00444318 
179.949,182.174
-23543.9 388.586 -2.13657 0.00391665 
182.174,184.413
3704.49 -60.1337 0.326559 -0.000590268 
y(t) = 
0,0.236928
1 -1.34037 0 -11.6342 
0.236928,0.474687
0.665496 2.89629 -17.8841 13.5269 
0.474687,0.7141
1.75667 -3.98786 -3.39422 3.35187 
0.7141,0.955972
2.32478 -6.36682 -0.0682028 1.79932 
0.955972,1.20109
5.0641 -14.9607 8.92006 -1.33475 
1.20109,1.45019
5.39844 -15.7996 9.62015 -1.52904 
1.45019,1.704
5.50716 -16.0306 9.78155 -1.56614 
1.704,1.9632
5.88281 -16.7002 10.1769 -1.64348 
1.9632,2.22842
1.18659 -9.53194 6.52767 -1.02387 
2.22842,2.50025
-1.47159 -5.95982 4.92613 -0.784312 
2.50025,2.77924
-6.94468 0.602261 2.30255 -0.434536 
2.77924,3.0659
-11.6266 5.65307 0.485763 -0.216636 
3.0659,3.36071
-17.191 11.0964 -1.28948 -0.023627 
3.36071,3.6641
-22.0675 15.4498 -2.58488 0.104858 
3.6641,3.97645
-25.7065 18.4307 -3.39863 0.178887 
3.97645,4.29814
-18.3938 12.9151 -2.01172 0.0626273 
4.29814,4.6295
-46.0299 32.2075 -6.50061 0.410753 
4.6295,4.97083
-16.9227 13.3489 -2.42743 0.117476 
4.97083,5.32241
-21.933 16.3748 -3.03635 0.158309 
5.32241,5.68449
-37.3203 25.051 -4.66678 0.26042 
5.68449,6.05732
-0.0193583 5.36792 -1.20441 0.05739 
6.05732,6.44109
-26.2333 18.3528 -3.34824 0.175365 
6.44109,6.83602
1.81808 5.28973 -1.32032 0.0704178 
6.83602,7.24227
-4.33927 7.99334 -1.71592 0.0897078 
7.24227,7.66001
25.0402 -4.17573 -0.0357001 0.0123738 
7.66001,8.0894
-13.7941 11.0346 -2.02145 0.0987858 
8.0894,8.53057
49.0259 -12.2618 0.858374 -0.0198809 
8.53057,8.98366
31.5851 -6.12846 0.139398 0.00821326 
8.98366,9.44877
40.6695 -9.16212 0.477085 -0.00431642 
9.44877,9.92603
-7.92567 6.26743 -1.15591 0.0532923 
9.92603,10.4155
117.089 -31.5169 2.65069 -0.0745399 
10.4155,10.9174
29.2679 -6.22246 0.222208 0.00317994 
10.9174,11.4317
59.0808 -14.415 0.972635 -0.0197324 
11.4317,11.9584
57.876 -14.0994 0.94505 -0.018928 
11.9584,12.4978
40.9706 -9.85878 0.590453 -0.00904387 
12.4978,13.0498
60.0231 -14.4326 0.956441 -0.0188053 
13.0498,13.6145
88.9005 -21.0719 1.46524 -0.0318016 
13.6145,14.1921
44.8726 -11.371 0.75272 -0.0143565 
14.1921,14.7824
54.8598 -13.4826 0.90153 -0.0178517 
14.7824,15.3857
47.3428 -11.9576 0.798384 -0.0155258 
15.3857,16.0019
43.7817 -11.2638 0.753301 -0.0145491 
16.0019,16.631
37.7934 -10.1415 0.683185 -0.0130885 
16.631,17.2733
31.3491 -8.97949 0.613325 -0.0116883 
17.2733,17.9286
23.952 -7.69515 0.538981 -0.0102536 
17.9286,18.597
15.8647 -6.34222 0.463528 -0.00885079 
18.597,19.2785
7.15094 -4.93684 0.387965 -0.00749639 
19.2785,19.9733
-2.06143 -3.50351 0.313623 -0.00621099 
19.9733,20.6812
-11.5797 -2.07406 0.24206 -0.00501667 
20.6812,21.4025
-21.4865 -0.637153 0.172585 -0.0038969 
21.4025,22.137
-30.6627 0.648967 0.112496 -0.00296104 
22.137,22.8848
-42.8835 2.30504 0.0376873 -0.00183459 
22.8848,23.6459
-41.891 2.17487 0.0433766 -0.00191746 
23.6459,24.4205
-93.2511 8.69103 -0.232196 0.00196725 
24.4205,25.2083
71.1759 -11.5086 0.594968 -0.00932335 
25.2083,26.0097
-206.997 21.5963 -0.718282 0.00804194 
26.0097,26.8244
-59.9691 4.63794 -0.0662845 -0.000313903 
26.8244,27.6526
-100.584 9.1803 -0.235622 0.00179037 
27.6526,28.4942
-96.1712 8.70165 -0.218314 0.00158174 
28.4942,29.3494
-101.93 9.30802 -0.239596 0.0018307 
29.3494,30.218
-108.652 9.99526 -0.263014 0.00209667 
30.218,31.1002
-90.9622 8.23913 -0.2049 0.00145561 
31.1002,31.9959
83.4872 -8.58876 0.336187 -0.00434379 
31.9959,32.9051
-419.848 38.6051 -1.13881 0.0110228 
32.9051,33.828
-24.8802 2.59577 -0.04448 -6.29598e-05 
33.828,34.7644
-118.296 10.8804 -0.289385 0.00235028 
34.7644,35.7144
-148.453 13.4828 -0.364247 0.00306808 
35.7144,36.678
123.657 -9.37425 0.27575 -0.0029052 
36.678,37.6552
-278.08 23.485 -0.620136 0.00523669 
37.6552,38.6461
-172.969 15.111 -0.397753 0.00326811 
38.6461,39.6506
-38.314 4.65821 -0.12728 0.000935202 
39.6506,40.6688
-110.6 10.1275 -0.265218 0.00209482 
40.6688,41.7006
112.898 -6.35914 0.14017 -0.00122786 
41.7006,42.7461
-327.869 25.3503 -0.620239 0.00485046 
42.7461,43.8053
25.8993 0.522393 -0.0394178 0.000321226 
43.8053,44.8782
-8.50299 2.87846 -0.0932031 0.000730501 
44.8782,45.9648
-84.044 7.92826 -0.205726 0.00156627 
45.9648,47.0651
-86.4198 8.08341 -0.209103 0.00159075 
47.0651,48.1792
63.3053 -1.46023 -0.00632801 0.000154625 
48.1792,49.3069
149.239 -6.81113 0.104735 -0.000613776 
49.3069,50.4484
-432.845 28.6049 -0.613544 0.00424206 
50.4484,51.6037
296.129 -14.7446 0.24574 -0.00143558 
51.6037,52.7727
122.419 -4.646 0.0500445 -0.00017149 
52.7727,53.9554
263.859 -12.6866 0.202407 -0.00113387 
53.9554,55.1519
-1029.53 59.2277 -1.13044 0.00710039 
55.1519,56.3622
1240.39 -64.245 1.10833 -0.00643057 
56.3622,57.5863
78.0387 -2.37635 0.0106375 6.13442e-05 
57.5863,58.8241
-866.368 46.8234 -0.84373 0.00500678 
58.8241,60.0758
653.864 -30.7076 0.474283 -0.00246188 
60.0758,61.3412
678.722 -31.9491 0.49495 -0.00257656 
61.3412,62.6204
-459.374 23.7115 -0.412443 0.00235429 
62.6204,63.9135
-500.035 25.6597 -0.443555 0.00251991 
63.9135,65.2203
1644.94 -75.0223 1.13173 -0.00569582 
65.2203,66.541
-294.605 14.1926 -0.236168 0.00129535 
66.541,67.8755
-1394.51 63.782 -0.981416 0.00502863 
67.8755,69.2238
2477.67 -107.363 1.54004 -0.00735414 
69.2238,70.5859
-397.379 17.2349 -0.259886 0.00131306 
70.5859,71.9619
-1737.82 74.2056 -1.067 0.00512456 
71.9619,73.3517
2944.51 -120.995 1.64555 -0.00744021 
73.3517,74.7554
-777.506 31.2312 -0.429734 0.00199055 
74.7554,76.1729
-1365.09 54.8115 -0.745169 0.00339707 
76.1729,77.6042
2875.03 -112.182 1.44713 -0.00619643 
77.6042,79.0494
-1325.27 50.1918 -0.645203 0.00279074 
79.0494,80.5085
-338.331 12.7369 -0.171387 0.000792771 
80.5085,81.9814
2218.33 -82.5327 1.01196 -0.00410671 
81.9814,83.4682
-1796.89 64.3992 -0.780297 0.00318055 
83.4682,84.9689
998.119 -36.0586 0.423249 -0.00162586 
84.9689,86.4834
1089.37 -39.2807 0.461171 -0.00177462 
86.4834,88.0118
-1841.27 62.3796 -0.714319 0.00275607 
88.0118,89.5541
2086.41 -71.5004 0.80684 -0.00300512 
89.5541,91.1103
-538.689 16.4383 -0.175121 0.00064988 
91.1103,92.6803
-273.773 7.71545 -0.0793813 0.000299609 
92.6803,94.2643
1055.68 -35.3182 0.384943 -0.00137038 
94.2643,95.8621
-675.666 19.7827 -0.199594 0.000696638 
95.8621,97.4738
857.134 -28.1862 0.300802 -0.00104335 
97.4738,99.0994
-856.554 24.5568 -0.240298 0.000807065 
99.0994,100.739
1519.53 -47.3736 0.485543 -0.00163439 
100.739,102.392
-1305.07 36.743 -0.349453 0.00112851 
102.392,104.06
568.908 -18.1629 0.186778 -0.000617161 
104.06,105.741
1028.06 -31.4001 0.313986 -0.00102465 
105.741,107.436
-2951.81 81.5137 -0.75385 0.00234156 
107.436,109.145
4950.8 -139.156 1.30011 -0.00403111 
109.145,110.868
-5142.2 138.264 -1.24164 0.00373151 
110.868,112.605
3086.39 -84.395 0.766685 -0.00230668 
112.605,114.356
-166.344 2.2638 -0.00289806 -2.85624e-05 
114.356,116.12
-3534.1 90.6134 -0.775485 0.00222344 
116.12,117.899
6959.27 -180.486 1.55916 -0.00447835 
117.899,119.691
-8991.01 225.378 -1.88331 0.00525448 
119.691,121.498
8256.92 -206.932 1.72856 -0.00480436 
121.498,123.318
-6132.85 148.377 -1.19585 0.00321884 
123.318,125.153
1732.35 -42.9622 0.355737 -0.000975147 
125.153,127.001
2674.33 -65.5421 0.536157 -0.00145568 
127.001,128.863
-8084.83 188.61 -1.46502 0.00379673 
128.863,130.739
12282.7 -285.558 2.2146 -0.00572145 
130.739,132.629
-14908.6 338.387 -2.55784 0.0064464 
132.629,134.533
13553.9 -305.42 2.29635 -0.0057535 
134.533,136.451
-11256.3 247.831 -1.81603 0.00443576 
136.451,138.383
6304.94 -138.268 1.01355 -0.00247657 
138.383,140.329
-2065.68 43.198 -0.297784 0.000682139 
140.329,142.288
-3508.51 74.0435 -0.517593 0.00120427 
142.288,144.262
7742.84 -163.179 1.1496 -0.0027014 
144.262,146.25
-13076.1 269.76 -1.85146 0.00423288 
146.25,148.251
16362.2 -334.103 2.27753 -0.00517793 
148.251,150.267
-18926.2 379.99 -2.53925 0.00565226 
150.267,152.296
17539 -348.019 2.30553 -0.00509478 
152.296,154.34
-16078.5 314.193 -2.04265 0.00442214 
154.34,156.397
11942.6 -230.47 1.48634 -0.00319954 
156.397,158.468
-9223.66 175.539 -1.10968 0.00233341 
158.468,160.554
5135.66 -96.3001 0.605736 -0.00127491 
160.554,162.653
-2917.95 54.1841 -0.331546 0.00067103 
162.653,164.766
-517.038 9.90139 -0.0592934 0.000113088 
164.766,166.893
1989.96 -35.745 0.217744 -0.000447378 
166.893,169.034
-4610.95 82.91 -0.493219 0.000972617 
169.034,171.19
5244.84 -92.0093 0.541595 -0.00106802 
171.19,173.359
-6957.77 121.835 -0.70757 0.0013643 
173.359,175.542
6700.65 -114.527 0.655856 -0.00125729 
175.542,177.738
-7430.73 126.978 -0.719916 0.00135515 
177.738,179.949
6180.47 -102.762 0.572657 -0.00106896 
179.949,182.174
-5534.63 92.5449 -0.512685 0.000941493 
182.174,184.413
1834.14 -28.802 0.153419 -0.000277309 
