x(t) = 
0,0.483322
0 1.99811 0 -0.646993 
0.483322,0.966644
-0.0250217 2.15342 -0.321341 -0.425373 
0.966644,1.44997
-0.364324 3.20646 -1.41071 -0.0497199 
1.44997,1.93329
-1.62591 5.8167 -3.21092 0.364131 
1.93329,2.41661
-3.94773 9.4196 -5.07453 0.685451 
2.41661,2.89993
-5.6603 11.5456 -5.95428 0.806799 
2.89993,3.38325
-2.47973 8.25528 -4.81966 0.67638 
3.38325,3.86658
11.4991 -4.14006 -1.15592 0.315412 
3.86658,4.3499
40.412 -26.573 4.64583 -0.184751 
4.3499,4.83322
81.63 -54.9999 11.1809 -0.685535 
4.83322,5.31654
121.468 -79.7275 16.2971 -1.03838 
5.31654,5.79986
134.716 -87.2032 17.7032 -1.12654 
5.79986,6.28319
90.5258 -64.3455 13.7621 -0.900039 
6.28319,6.76651
-35.0107 -4.40623 4.2225 -0.393946 
6.76651,7.24983
-242.503 87.5875 -9.37296 0.275796 
7.24983,7.73315
-495.196 192.153 -23.7961 0.938943 
7.73315,8.21647
-714.794 277.344 -34.8124 1.4138 
8.21647,8.6998
-793.482 306.074 -38.3091 1.55565 
8.6998,9.18312
-623.95 247.614 -31.5893 1.29819 
9.18312,9.66644
-142.418 90.3035 -14.459 0.67638 
9.66644,10.1498
627.456 -148.629 10.2587 -0.175975 
10.1498,10.6331
1546.52 -420.28 37.023 -1.05495 
10.6331,11.1164
2364.32 -651.011 58.7224 -1.7352 
11.1164,11.5997
2765.22 -759.205 68.4552 -2.02705 
11.5997,12.083
2454.11 -678.741 61.5185 -1.82771 
12.083,12.5664
1263.98 -383.255 37.0639 -1.15309 
12.5664,13.0497
-744.606 96.2598 -1.09468 -0.140898 
13.0497,13.533
-3228.82 667.356 -44.8579 0.976962 
13.533,14.0163
-5585 1189.68 -83.4538 1.92762 
14.0163,14.4997
-7060.33 1505.45 -105.983 2.4634 
14.4997,14.983
-6946.56 1481.91 -104.359 2.42608 
14.983,15.4663
-4802.85 1052.68 -75.7115 1.78874 
15.4663,15.9496
-699.022 256.661 -24.2436 0.67949 
15.9496,16.4329
4812.83 -780.076 40.7571 -0.678969 
16.4329,16.9163
10150.7 -1754.55 100.057 -1.88184 
16.9163,17.3996
15304.6 -2668.57 154.089 -2.94653 
17.3996,17.8829
12490.9 -2183.43 126.207 -2.41238 
17.8829,18.3662
26034.2 -4455.44 253.256 -4.78055 
18.3662,18.8496
-46932.1 7463.11 -395.682 6.99719 
y(t) = 
0,0.483322
1 -0.432293 0 -1.15335 
0.483322,0.966644
0.767848 1.00869 -2.98141 0.902838 
0.966644,1.44997
1.03482 0.180146 -2.12428 0.607268 
1.44997,1.93329
0.864326 0.532892 -2.36756 0.663196 
1.93329,2.41661
3.18707 -3.07146 -0.503193 0.341746 
2.41661,2.89993
9.1379 -10.4589 2.55374 -0.0799094 
2.89993,3.38325
20.0946 -21.7937 6.46238 -0.529189 
3.38325,3.86658
32.6866 -32.9592 9.76263 -0.854345 
3.86658,4.3499
38.1828 -37.2236 10.8655 -0.949423 
4.3499,4.83322
22.9686 -26.7309 8.45333 -0.764577 
4.83322,5.31654
-26.1438 3.75346 2.14608 -0.329584 
5.31654,5.79986
-113.483 53.0371 -7.12379 0.251613 
5.79986,6.28319
-225.408 110.93 -17.1056 0.825295 
6.28319,6.76651
-325.3 158.625 -24.6965 1.228 
6.76651,7.24983
-357.302 172.814 -26.7934 1.3313 
7.24983,7.73315
-261.346 133.107 -21.3165 1.07948 
7.73315,8.21647
2.16119 30.882 -8.09739 0.509681 
8.21647,8.6998
424.624 -123.368 10.6758 -0.251928 
8.6998,9.18312
929.075 -297.321 30.6709 -1.01804 
9.18312,9.66644
1368.96 -441.024 46.3196 -1.58606 
9.66644,10.1498
1553.83 -498.399 52.255 -1.79074 
10.1498,10.6331
1302.16 -424.012 44.9261 -1.55004 
10.6331,11.1164
511.1 -200.824 23.9362 -0.892039 
11.1164,11.5997
-776.621 146.695 -7.32567 0.0453693 
11.5997,12.083
-2333.82 549.427 -42.0448 1.04307 
12.083,12.5664
-3760.78 903.715 -71.3659 1.85195 
12.5664,13.0497
-4559.91 1094.5 -86.5477 2.25466 
13.0497,13.533
-4266.8 1027.11 -81.384 2.12276 
13.533,14.0163
-2610.38 659.916 -54.2508 1.45444 
14.0163,14.4997
342.09 27.9811 -9.16514 0.382219 
14.4997,14.983
4106.17 -750.813 44.5461 -0.85255 
14.983,15.4663
7812.39 -1492.9 94.0746 -1.95443 
15.4663,15.9496
10359.6 -1986.98 126.02 -2.64294 
15.9496,16.4329
10708.3 -2052.56 130.132 -2.72887 
16.4329,16.9163
8111.61 -1578.52 101.285 -2.14372 
16.9163,17.3996
2795.65 -635.763 45.5543 -1.04555 
17.3996,17.8829
-5438.41 783.936 -36.0395 0.517584 
17.8829,18.3662
-10894 1699.15 -87.2177 1.47153 
18.3662,18.8496
-28003.9 4493.94 -239.388 4.2333 
