x(t) = 
0,0.118551
0 1.99999 0 -0.665495 
0.118551,0.237101
-2.33433e-05 2.00058 -0.00498283 -0.651484 
0.237101,0.355652
-0.000393341 2.00527 -0.0247276 -0.623726 
0.355652,0.474203
-0.00223717 2.02082 -0.0684589 -0.582739 
0.474203,0.592753
-0.0079364 2.05687 -0.144493 -0.529292 
0.592753,0.711304
-0.0214538 2.12529 -0.259909 -0.464388 
0.711304,0.829855
-0.0484956 2.23934 -0.420251 -0.389248 
0.829855,0.948405
-0.0964774 2.4128 -0.629274 -0.305288 
0.948405,1.06696
-0.17427 2.65887 -0.888734 -0.214097 
1.06696,1.18551
-0.291716 2.9891 -1.19824 -0.117403 
1.18551,1.30406
-0.458918 3.41221 -1.55515 -0.0170499 
1.30406,1.42261
-0.685317 3.93305 -1.95454 0.0850402 
1.42261,1.54116
-0.97858 4.55148 -2.38926 0.1869 
1.54116,1.65971
-1.34335 5.26155 -2.84999 0.286551 
1.65971,1.77826
-1.77992 6.05067 -3.32545 0.382041 
1.77826,1.89681
-2.28285 6.89912 -3.80257 0.471477 
1.89681,2.01536
-2.83963 7.77972 -4.26683 0.553063 
2.01536,2.13391
-3.42953 8.65783 -4.70253 0.625127 
2.13391,2.25246
-4.02256 9.49155 -5.09324 0.686158 
2.25246,2.37101
-4.57879 10.2324 -5.42214 0.73483 
2.37101,2.48956
-5.04798 10.826 -5.67252 0.77003 
2.48956,2.60811
-5.36967 11.2137 -5.82823 0.790879 
2.60811,2.72667
-5.47376 11.3334 -5.87413 0.796746 
2.72667,2.84522
-5.28163 11.122 -5.79661 0.787268 
2.84522,2.96377
-4.70782 10.517 -5.58396 0.762355 
2.96377,3.08232
-3.6623 9.4587 -5.22688 0.722195 
3.08232,3.20087
-2.05336 7.89273 -4.71883 0.667252 
3.20087,3.31942
0.209 5.77234 -4.05639 0.598267 
3.31942,3.43797
3.20917 3.06087 -3.23954 0.516239 
3.43797,3.55652
7.02161 -0.265894 -2.27188 0.422419 
3.55652,3.67507
11.7062 -4.21741 -1.16082 0.318285 
3.67507,3.79362
17.3032 -8.78637 0.0824099 0.205522 
3.79362,3.91217
23.8289 -13.9469 1.44272 0.0859962 
3.91217,4.03072
31.2701 -19.653 2.90129 -0.0382797 
4.03072,4.14927
39.5799 -25.8379 4.43573 -0.165175 
4.14927,4.26782
48.6739 -32.413 6.02037 -0.292478 
4.26782,4.38637
58.4262 -39.2683 7.62663 -0.417933 
4.38637,4.50493
68.6672 -46.2724 9.22343 -0.539278 
4.50493,4.62348
79.1817 -53.2745 10.7777 -0.654286 
4.62348,4.74203
89.7089 -60.1052 12.2551 -0.7608 
4.74203,4.86058
99.9427 -66.5795 13.6204 -0.856772 
4.86058,4.97913
109.535 -72.4997 14.8384 -0.940302 
4.97913,5.09768
118.097 -77.6589 15.8746 -1.00967 
5.09768,5.21623
125.21 -81.8449 16.6958 -1.06336 
5.21623,5.33478
130.427 -84.8453 17.271 -1.10012 
5.33478,5.45333
133.284 -86.4519 17.5721 -1.11894 
5.45333,5.57188
133.311 -86.4665 17.5748 -1.1191 
5.57188,5.69043
130.041 -84.706 17.2588 -1.1002 
5.69043,5.80898
123.027 -81.0084 16.609 -1.06214 
5.80898,5.92753
111.854 -75.2381 15.6157 -1.00514 
5.92753,6.04608
96.1528 -67.2915 14.2751 -0.929746 
6.04608,6.16463
75.6174 -57.102 12.5898 -0.836832 
6.16463,6.28319
50.0198 -44.645 10.5691 -0.727568 
6.28319,6.40174
19.2253 -29.9417 8.22896 -0.603422 
6.40174,6.52029
-16.7924 -13.063 5.59237 -0.466137 
6.52029,6.63884
-57.9382 5.86827 2.68893 -0.317706 
6.63884,6.75739
-103.983 26.6753 -0.445209 -0.160342 
6.75739,6.87594
-154.554 49.1267 -3.7677 0.00355262 
6.87594,6.99449
-209.126 72.9368 -7.23052 0.171424 
6.99449,7.11304
-267.019 97.7674 -10.7805 0.340606 
7.11304,7.23159
-327.392 123.23 -14.3603 0.508362 
7.23159,7.35014
-389.25 148.892 -17.9088 0.671928 
7.35014,7.46869
-451.446 174.278 -21.3626 0.828558 
7.46869,7.58724
-512.692 198.879 -24.6565 0.975569 
7.58724,7.70579
-571.575 222.161 -27.7251 1.11038 
7.70579,7.82434
-626.569 243.571 -30.5036 1.23057 
7.82434,7.94289
-676.065 262.549 -32.929 1.3339 
7.94289,8.06145
-718.392 278.536 -34.9418 1.41837 
8.06145,8.18
-751.85 290.987 -36.4863 1.48223 
8.18,8.29855
-774.743 299.383 -37.5127 1.52406 
8.29855,8.4171
-785.415 303.241 -37.9776 1.54273 
8.4171,8.53565
-782.289 302.127 -37.8452 1.53749 
8.53565,8.6542
-763.912 295.668 -37.0885 1.50794 
8.6542,8.77275
-728.992 283.563 -35.6898 1.45406 
8.77275,8.8913
-676.445 265.593 -33.6414 1.37623 
8.8913,9.00985
-605.432 241.633 -30.9466 1.27521 
9.00985,9.1284
-515.405 211.657 -27.6196 1.15212 
9.1284,9.24695
-406.141 175.748 -23.6858 1.00847 
9.24695,9.3655
-277.776 134.102 -19.1821 0.846122 
9.3655,9.48405
-130.839 87.0346 -14.1565 0.667252 
9.48405,9.6026
33.7285 34.9785 -8.66768 0.474339 
9.6026,9.72115
214.553 -21.5138 -2.78467 0.270123 
9.72115,9.83971
409.817 -81.7732 3.41413 0.0575694 
9.83971,9.95826
617.258 -145.019 9.84178 -0.160176 
9.95826,10.0768
834.176 -210.368 16.404 -0.379834 
10.0768,10.1954
1057.45 -276.838 23.0004 -0.598038 
10.1954,10.3139
1283.55 -343.369 29.526 -0.811389 
10.3139,10.4325
1508.6 -408.828 35.8727 -1.01651 
10.4325,10.551
1728.39 -472.032 41.9311 -1.21008 
10.551,10.6696
1938.45 -531.762 47.5921 -1.38893 
10.6696,10.7881
2134.14 -586.782 52.7489 -1.55003 
10.7881,10.9067
2310.64 -635.865 57.2986 -1.69061 
10.9067,11.0252
2463.13 -677.81 61.1444 -1.80815 
11.0252,11.1438
2586.82 -711.467 64.1971 -1.90044 
11.1438,11.2623
2677.05 -735.757 66.3768 -1.96564 
11.2623,11.3809
2729.4 -749.701 67.6149 -2.00229 
11.3809,11.4994
2739.77 -752.435 67.8552 -2.00933 
11.4994,11.618
2704.52 -743.24 67.0555 -1.98615 
11.618,11.7365
2620.54 -721.553 65.1889 -1.93259 
11.7365,11.8551
2485.33 -686.992 62.2442 -1.84896 
11.8551,11.9736
2297.15 -639.372 58.2273 -1.73601 
11.9736,12.0922
2055.05 -578.714 53.1614 -1.59498 
12.0922,12.2107
1758.99 -505.262 47.0869 -1.42753 
12.2107,12.3293
1409.85 -419.483 40.0621 -1.23577 
12.3293,12.4478
1009.55 -322.081 32.162 -1.02218 
12.4478,12.5664
561.035 -213.986 23.4782 -0.789641 
12.5664,12.6849
68.3238 -96.3604 14.1178 -0.541349 
12.6849,12.8035
-463.503 29.4173 4.20229 -0.280789 
12.8035,12.922
-1028.31 161.759 -6.1341 -0.0116853 
12.922,13.0406
-1618.97 298.886 -16.746 0.262055 
13.0406,13.1591
-2227.35 438.846 -27.4787 0.536397 
13.1591,13.2777
-2844.51 579.544 -38.1707 0.807236 
13.2777,13.3962
-3460.66 718.76 -48.6557 1.07046 
13.3962,13.5148
-4065.41 854.19 -58.7652 1.32201 
13.5148,13.6333
-4647.82 983.473 -68.3313 1.55795 
13.6333,13.7519
-5196.6 1104.23 -77.1889 1.77452 
13.7519,13.8704
-5700.27 1214.11 -85.1788 1.96819 
13.8704,13.989
-6147.34 1310.8 -92.1502 2.13572 
13.989,14.1075
-6526.54 1392.13 -97.9634 2.27424 
14.1075,14.2261
-6826.99 1456.02 -102.492 2.38125 
14.2261,14.3446
-7038.44 1500.61 -105.627 2.45469 
14.3446,14.4632
-7151.47 1524.25 -107.275 2.49299 
14.4632,14.5817
-7157.72 1525.54 -107.364 2.49505 
14.5817,14.7003
-7050.08 1503.4 -105.845 2.46034 
14.7003,14.8188
-6822.9 1457.03 -102.692 2.38882 
14.8188,14.9374
-6472.19 1386.03 -97.9005 2.28105 
14.9374,15.0559
-5995.75 1290.35 -91.4945 2.1381 
15.0559,15.1745
-5393.34 1170.31 -83.5221 1.96159 
15.1745,15.293
-4666.83 1026.68 -74.0567 1.75367 
15.293,15.4116
-3820.22 860.604 -63.1971 1.51697 
15.4116,15.5301
-2859.78 673.646 -51.066 1.25459 
15.5301,15.6487
-1794.01 467.767 -37.8093 0.97005 
15.6487,15.7672
-633.662 245.318 -23.5941 0.667252 
15.7672,15.8858
608.301 9.01244 -8.607 0.350411 
15.8858,16.0043
1916.83 -238.1 6.94856 0.0240067 
16.0043,16.1229
3274.88 -492.666 22.8546 -0.30728 
16.1229,16.2414
4663.63 -751.073 38.8819 -0.638637 
16.2414,16.36
6062.66 -1009.49 54.793 -0.96519 
16.36,16.4785
7450.21 -1263.93 70.3456 -1.28207 
16.4785,16.5971
8803.46 -1510.3 85.2962 -1.5845 
16.5971,16.7156
10098.9 -1744.45 99.4041 -1.86784 
16.7156,16.8342
11312.5 -1962.26 112.435 -2.12769 
16.8342,16.9527
12420.4 -2159.7 124.163 -2.35992 
16.9527,17.0713
13399.1 -2332.88 134.379 -2.56079 
17.0713,17.1898
14225.7 -2478.15 142.888 -2.72694 
17.1898,17.3084
14878.7 -2592.11 149.518 -2.8555 
17.3084,17.4269
15338.2 -2671.75 154.119 -2.94411 
17.4269,17.5455
15586.3 -2714.47 156.571 -2.991 
17.5455,17.664
15607.1 -2718.02 156.773 -2.99484 
17.664,17.7826
15390.4 -2681.22 154.689 -2.95553 
17.7826,17.9012
14916.6 -2601.29 150.195 -2.87128 
17.9012,18.0197
14218.5 -2484.3 143.659 -2.74957 
18.0197,18.1383
13146.5 -2305.82 133.754 -2.56636 
18.1383,18.2568
12262.9 -2159.67 125.697 -2.41829 
18.2568,18.3754
9440.12 -1695.84 100.291 -1.95442 
18.3754,18.4939
12807.2 -2245.54 130.206 -2.49709 
18.4939,18.6125
-8512.83 1212.89 -56.7976 0.873459 
18.6125,18.731
63024.1 -10317.6 562.707 -10.2213 
18.731,18.8496
-219626 34952.3 -1854.14 32.7883 
y(t) = 
0,0.118551
1 -0.102868 0 -5.30876 
0.118551,0.237101
0.988517 0.187704 -2.45104 1.58293 
0.237101,0.355652
1.01152 -0.1033 -1.2237 -0.142553 
0.355652,0.474203
0.985518 0.116008 -1.84034 0.435388 
0.474203,0.592753
0.990539 0.0842429 -1.77335 0.388301 
0.592753,0.711304
0.967542 0.20063 -1.9697 0.498718 
0.711304,0.829855
0.947289 0.286051 -2.08979 0.554996 
0.829855,0.948405
0.914657 0.404017 -2.23194 0.612095 
0.948405,1.06696
0.879089 0.516528 -2.35058 0.65379 
1.06696,1.18551
0.843361 0.616985 -2.44473 0.683205 
1.18551,1.30406
0.817746 0.681806 -2.49941 0.698579 
1.30406,1.42261
0.815088 0.687919 -2.50409 0.699777 
1.42261,1.54116
0.853143 0.607669 -2.44768 0.686559 
1.54116,1.65971
0.95384 0.411653 -2.3205 0.65905 
1.65971,1.77826
1.14328 0.0692277 -2.11418 0.617614 
1.77826,1.89681
1.45105 -0.449987 -1.8222 0.562883 
1.89681,2.01536
1.90927 -1.17472 -1.44012 0.495739 
2.01536,2.13391
2.55134 -2.13047 -0.965887 0.417302 
2.13391,2.25246
3.41022 -3.33795 -0.400036 0.328912 
2.25246,2.37101
4.51654 -4.81143 0.254127 0.232105 
2.37101,2.48956
5.89632 -6.55723 0.990439 0.128589 
2.48956,2.60811
7.56854 -8.57231 1.79985 0.020215 
2.60811,2.72667
9.54259 -10.843 2.67047 -0.0910551 
2.72667,2.84522
11.8156 -13.3439 3.58767 -0.203182 
2.84522,2.96377
14.37 -16.0373 4.5343 -0.314086 
2.96377,3.08232
17.1711 -18.8725 5.49094 -0.421679 
3.08232,3.20087
20.1647 -21.7862 6.43622 -0.523905 
3.20087,3.31942
23.276 -24.7022 7.34724 -0.618777 
3.31942,3.43797
26.408 -27.5329 8.19999 -0.70441 
3.43797,3.55652
29.4413 -30.1797 8.96989 -0.779056 
3.55652,3.67507
32.234 -32.5355 9.63226 -0.841137 
3.67507,3.79362
34.6234 -34.486 10.163 -0.889275 
3.79362,3.91217
36.4274 -35.9126 10.539 -0.922317 
3.91217,4.03072
37.4478 -36.695 10.7391 -0.939359 
4.03072,4.14927
37.4743 -36.7148 10.744 -0.939764 
4.14927,4.26782
36.2894 -35.8581 10.5375 -0.923177 
4.26782,4.38637
33.6742 -34.0198 10.1067 -0.889535 
4.38637,4.50493
29.4154 -31.107 9.4427 -0.839072 
4.50493,4.62348
23.3126 -27.0429 8.54056 -0.77232 
4.62348,4.74203
15.1865 -21.7702 7.40014 -0.6901 
4.74203,4.86058
4.88776 -15.2548 6.02616 -0.593519 
4.86058,4.97913
-7.69454 -7.48886 4.42842 -0.483948 
4.97913,5.09768
-22.6236 1.50614 2.62188 -0.363007 
5.09768,5.21623
-39.9066 11.6772 0.626644 -0.23254 
5.21623,5.33478
-59.4861 22.938 -1.53214 -0.0945863 
5.33478,5.45333
-81.2332 35.1674 -3.82453 0.0486492 
5.45333,5.57188
-104.941 48.2094 -6.2161 0.194833 
5.57188,5.69043
-130.318 61.8733 -8.6684 0.34154 
5.69043,5.80898
-156.99 75.9347 -11.1395 0.486289 
5.80898,5.92753
-184.492 90.1378 -13.5845 0.626591 
5.92753,6.04608
-212.273 104.198 -15.9565 0.759982 
6.04608,6.16463
-239.699 117.806 -18.2073 0.88407 
6.16463,6.28319
-266.055 130.633 -20.2879 0.996574 
6.28319,6.40174
-290.561 142.333 -22.1501 1.09537 
6.40174,6.52029
-312.373 152.555 -23.7468 1.17851 
6.52029,6.63884
-330.604 160.943 -25.0333 1.24427 
6.63884,6.75739
-344.337 167.149 -25.9681 1.29121 
6.75739,6.87594
-352.645 170.837 -26.5139 1.31813 
6.87594,6.99449
-354.609 171.694 -26.6385 1.32417 
6.99449,7.11304
-349.345 169.436 -26.3157 1.30879 
7.11304,7.23159
-336.024 163.818 -25.5258 1.27178 
7.23159,7.35014
-313.901 154.64 -24.2567 1.21328 
7.35014,7.46869
-282.339 141.758 -22.5041 1.13379 
7.46869,7.58724
-240.834 125.087 -20.2719 1.03417 
7.58724,7.70579
-189.047 104.61 -17.5731 0.915601 
7.70579,7.82434
-126.818 80.3832 -14.4291 0.779601 
7.82434,7.94289
-54.1998 52.54 -10.8706 0.628 
7.94289,8.06145
28.5299 21.2933 -6.93665 0.462908 
8.06145,8.18
120.847 -13.0617 -2.67501 0.286693 
8.18,8.29855
221.969 -50.1481 1.85878 0.101943 
8.29855,8.4171
330.846 -89.5081 6.60178 -0.0885729 
8.4171,8.53565
446.157 -130.607 11.4846 -0.28194 
8.53565,8.6542
566.311 -172.837 16.4321 -0.47515 
8.6542,8.77275
689.454 -215.525 21.3647 -0.66514 
8.77275,8.8913
813.485 -257.94 26.1995 -0.848845 
8.8913,9.00985
936.073 -299.302 30.8515 -1.02325 
9.00985,9.1284
1054.69 -338.796 35.235 -1.18542 
9.1284,9.24695
1166.62 -375.584 39.265 -1.33258 
9.24695,9.3655
1269.06 -408.817 42.8589 -1.46214 
9.3655,9.48405
1359.08 -437.652 45.9378 -1.57172 
9.48405,9.6026
1433.73 -461.268 48.4278 -1.65923 
9.6026,9.72115
1490.11 -478.881 50.2621 -1.72291 
9.72115,9.83971
1525.38 -489.764 51.3816 -1.76129 
9.83971,9.95826
1536.84 -493.26 51.7369 -1.77333 
9.95826,10.0768
1522.04 -488.799 51.2889 -1.75834 
10.0768,10.1954
1478.77 -475.917 50.0105 -1.71605 
10.1954,10.3139
1405.18 -454.265 47.8868 -1.64661 
10.3139,10.4325
1299.86 -423.63 44.9165 -1.55062 
10.4325,10.551
1161.83 -383.938 41.1119 -1.42905 
10.551,10.6696
990.672 -335.271 36.4994 -1.28333 
10.6696,10.7881
786.532 -277.873 31.1197 -1.11526 
10.7881,10.9067
550.19 -212.15 25.0276 -0.927025 
10.9067,11.0252
283.087 -138.68 18.2913 -0.72115 
11.0252,11.1438
-12.6528 -58.2084 10.9924 -0.500478 
11.1438,11.2623
-334.204 28.3561 3.22446 -0.268121 
11.2623,11.3809
-678.041 119.946 -4.90794 -0.0274245 
11.3809,11.4994
-1039.95 215.345 -13.2904 0.218087 
11.4994,11.618
-1415.05 313.202 -21.8001 0.46476 
11.618,11.7365
-1797.84 412.047 -30.308 0.708862 
11.7365,11.8551
-2182.25 510.308 -38.6803 0.946645 
11.8551,11.9736
-2561.72 606.334 -46.7803 1.1744 
11.9736,12.0922
-2929.26 698.421 -54.4711 1.3885 
12.0922,12.2107
-3277.56 784.833 -61.6172 1.58549 
12.2107,12.3293
-3599.12 863.835 -68.0871 1.76211 
12.3293,12.4478
-3886.33 933.721 -73.7554 1.91536 
12.4478,12.5664
-4131.65 992.844 -78.5051 2.04254 
12.5664,12.6849
-4327.69 1039.65 -82.2294 2.14134 
12.6849,12.8035
-4467.42 1072.69 -84.8345 2.20979 
12.8035,12.922
-4544.25 1090.69 -86.2406 2.2464 
12.922,13.0406
-4552.25 1092.55 -86.3843 2.25011 
13.0406,13.1591
-4486.24 1077.37 -85.2199 2.22034 
13.1591,13.2777
-4341.98 1044.48 -82.7205 2.15703 
13.2777,13.3962
-4116.26 993.476 -78.8794 2.0606 
13.3962,13.5148
-3807.06 924.234 -73.7107 1.93199 
13.5148,13.6333
-3413.67 836.91 -67.2493 1.77262 
13.6333,13.7519
-2936.77 731.967 -59.5518 1.58442 
13.7519,13.8704
-2378.49 610.177 -50.6956 1.36975 
13.8704,13.989
-1742.51 472.624 -40.7785 1.13143 
13.989,14.1075
-1034.08 320.698 -29.9181 0.872643 
14.1075,14.2261
-260.015 156.091 -18.2501 0.59695 
14.2261,14.3446
571.315 -19.2205 -5.92686 0.308203 
14.3446,14.4632
1450.02 -202.992 6.88429 0.0105039 
14.4632,14.5817
2364.79 -392.736 20.0034 -0.291854 
14.5817,14.7003
3302.98 -585.755 33.2405 -0.594448 
14.7003,14.8188
4250.73 -779.171 46.3977 -0.892793 
14.8188,14.9374
5193.18 -969.965 59.2729 -1.1824 
14.9374,15.0559
6114.61 -1155.02 71.6618 -1.45887 
15.0559,15.1745
6998.68 -1331.18 83.3619 -1.71791 
15.1745,15.293
7828.66 -1495.27 94.1753 -1.95544 
15.293,15.4116
8587.7 -1644.17 103.912 -2.16766 
15.4116,15.5301
9259.11 -1774.86 112.392 -2.35108 
15.5301,15.6487
9826.62 -1884.49 119.451 -2.50259 
15.6487,15.7672
10274.7 -1970.4 124.941 -2.61953 
15.7672,15.8858
10589 -2030.18 128.733 -2.69969 
15.8858,16.0043
10756.2 -2061.76 130.721 -2.7414 
16.0043,16.1229
10764.9 -2063.4 130.823 -2.74353 
16.1229,16.2414
10605.6 -2033.76 128.984 -2.70552 
16.2414,16.36
10270.9 -1971.93 125.178 -2.6274 
16.36,16.4785
9755.86 -1877.49 119.405 -2.50977 
16.4785,16.5971
9058.24 -1750.48 111.698 -2.35387 
16.5971,16.7156
8178.6 -1591.49 102.118 -2.16147 
16.7156,16.8342
7120.53 -1401.59 90.7573 -1.93493 
16.8342,16.9527
5890.66 -1182.42 77.7378 -1.67713 
16.9527,17.0713
4498.8 -936.11 63.2088 -1.39145 
17.0713,17.1898
2957.92 -665.326 47.3468 -1.08173 
17.1898,17.3084
1284.09 -373.206 30.3531 -0.752201 
17.3084,17.4269
-503.605 -63.3515 12.4511 -0.407436 
17.4269,17.5455
-2383.19 260.213 -6.11583 -0.0522972 
17.5455,17.664
-4330.16 593.115 -25.0895 0.308168 
17.664,17.7826
-6317.11 930.571 -44.1936 0.668676 
17.7826,17.9012
-8316.57 1267.89 -63.1625 1.02425 
17.9012,18.0197
-10291.6 1598.88 -81.6524 1.36854 
18.0197,18.1383
-12233.6 1922.19 -99.5944 1.70044 
18.1383,18.2568
-14020.3 2217.71 -115.887 1.99985 
18.2568,18.3754
-15958.3 2536.16 -133.33 2.31833 
18.3754,18.4939
-16721.3 2660.74 -140.109 2.44131 
18.4939,18.6125
-21197.3 3386.81 -179.37 3.14893 
18.6125,18.731
-10635.8 1684.48 -87.9078 1.51093 
18.731,18.8496
-56216 8984.71 -477.648 8.44667 
