x(t) = 
0,2.0944
0 0.826771 0 -0.208202 
2.0944,4.18879
-8.87847 13.5442 -6.07215 0.758211 
4.18879,6.28319
137.481 -91.2777 18.9523 -1.23317 
6.28319,8.37758
-370.328 151.183 -19.6366 0.814032 
8.37758,10.472
-345.54 142.306 -18.577 0.771874 
10.472,12.5664
3193.69 -871.607 78.2446 -2.31005 
12.5664,14.6608
-5419.28 1184.59 -85.3822 2.03028 
14.6608,16.7552
785.008 -84.9825 1.21426 0.0613884 
16.7552,18.8496
4292.85 -713.059 38.6998 -0.684363 
y(t) = 
0,2.0944
1 -2.82703 0 0.283783 
2.0944,4.18879
7.88756 -12.6927 4.71053 -0.46592 
4.18879,6.28319
-11.8792 1.46414 1.33082 -0.196972 
6.28319,8.37758
-397.163 185.424 -27.9473 1.35628 
8.37758,10.472
1445.04 -474.266 50.7974 -1.77687 
10.472,12.5664
-1078.49 248.671 -18.238 0.420592 
12.5664,14.6608
-4160.76 984.509 -76.7941 1.97384 
14.6608,16.7552
11789.3 -2279.32 145.829 -3.08782 
16.7552,18.8496
-9758.2 1578.75 -84.4321 1.49309 
