x(t) = 
0,0.134892
0.841471 -0.0910157 0 -3.30413 
0.134892,0.269071
0.830342 0.156977 -1.8402 1.2432 
0.269071,0.402272
0.845314 -0.0104263 -1.21719 0.471387 
0.402272,0.535115
0.799543 0.33049 -2.06413 1.17319 
0.535115,0.669332
0.820678 0.212632 -1.84447 1.03636 
0.669332,0.807449
0.991532 -0.551408 -0.704275 0.468529 
0.807449,0.951811
1.28462 -1.63943 0.642649 -0.0875119 
0.951811,1.10338
1.4594 -2.19117 1.22276 -0.290673 
1.10338,1.261
1.4381 -2.13465 1.17216 -0.275387 
1.261,1.42163
1.63128 -2.59507 1.53762 -0.371992 
1.42163,1.58123
1.43292 -2.17619 1.24287 -0.302881 
1.58123,1.7361
1.4036 -2.11934 1.20653 -0.29522 
1.7361,1.88407
1.04723 -1.50222 0.850694 -0.226899 
1.88407,2.02508
-1.45977 2.4897 -1.26809 0.147959 
2.02508,2.16091
-6.8565 10.483 -5.21483 0.797604 
2.16091,2.29416
-10.5106 15.5546 -7.56152 1.1596 
2.29416,2.42704
-7.90232 12.1439 -6.07484 0.943586 
2.42704,2.56071
-1.26285 3.93752 -2.69371 0.479215 
2.56071,2.69532
1.89822 0.234196 -1.24751 0.29096 
2.69532,2.83031
7.59486 -6.10683 1.10518 -9.10162e-14 
2.83031,2.96492
14.1911 -13.099 3.5757 -0.29096 
2.96492,3.09859
19.0978 -18.0637 5.25019 -0.479215 
3.09859,3.23147
32.9138 -31.4396 9.56688 -0.943586 
3.23147,3.36472
40.203 -38.2066 11.661 -1.1596 
3.36472,3.50055
26.4114 -25.9113 8.00697 -0.797604 
3.50055,3.64156
-1.45812 -2.02848 1.18462 -0.147959 
3.64156,3.78953
-19.5602 12.8845 -2.91059 0.226899 
3.78953,3.9444
-23.2757 15.8272 -3.6873 0.29522 
3.9444,4.104
-23.7434 16.1841 -3.77795 0.302881 
4.104,4.26463
-28.52 19.6761 -4.62885 0.371992 
4.26463,4.42225
-21.029 14.4056 -3.3929 0.275387 
4.42225,4.57382
-22.354 15.3031 -3.59569 0.290673 
4.57382,4.71818
-2.91684 2.55325 -0.808026 0.0875119 
4.71818,4.8563
55.4876 -34.5817 7.06248 -0.468529 
4.8563,4.99051
120.525 -74.7568 15.3351 -1.03636 
4.99051,5.12336
137.533 -84.9804 17.3836 -1.17319 
5.12336,5.25656
43.1523 -29.7161 6.59694 -0.471387 
5.25656,5.39074
155.253 -93.6944 18.7681 -1.2432 
5.39074,5.52563
-557.108 302.742 -54.7723 3.30413 
y(t) = 
0,0.134892
0 1.05139 0 -1.01418 
0.134892,0.269071
2.55624e-05 1.05128 -0.00093092 -1.01188 
0.269071,0.402272
-0.000649944 1.05912 -0.0306328 -0.975086 
0.402272,0.535115
-0.0330601 1.29999 -0.628372 -0.479783 
0.535115,0.669332
-0.171639 2.07519 -2.07541 0.421603 
0.669332,0.807449
-0.349558 2.87243 -3.26636 1.01471 
0.807449,0.951811
-0.286571 2.64078 -2.98095 0.896882 
0.951811,1.10338
0.0398473 1.61486 -1.90461 0.519938 
1.10338,1.261
0.447605 0.507855 -0.902073 0.217069 
1.261,1.42163
0.412951 0.590885 -0.96815 0.234536 
1.42163,1.58123
0.558219 0.284153 -0.752325 0.183931 
1.58123,1.7361
-0.100912 1.53363 -1.54219 0.350438 
1.7361,1.88407
-1.97 4.76106 -3.40051 0.707239 
1.88407,2.02508
-4.11346 8.17112 -5.20966 1.02732 
2.02508,2.16091
-2.2796 5.45319 -3.86724 0.80635 
2.16091,2.29416
6.33028 -6.49863 1.66339 -0.0467813 
2.29416,2.42704
15.3736 -18.3228 6.8171 -0.795598 
2.42704,2.56071
18.803 -22.5617 8.56358 -1.03546 
2.56071,2.69532
17.9154 -21.5223 8.15779 -0.98264 
2.69532,2.83031
19.1945 -22.9463 8.68616 -1.04798 
2.83031,2.96492
17.7134 -21.3761 8.13133 -0.98264 
2.96492,3.09859
19.0909 -22.7694 8.60117 -1.03546 
3.09859,3.23147
11.9545 -15.8602 6.37144 -0.795598 
3.23147,3.36472
-13.3162 7.59881 -0.887898 -0.0467813 
3.36472,3.50055
-45.8168 36.5752 -9.49954 0.80635 
3.50055,3.64156
-55.2931 44.6977 -11.8201 1.02732 
3.64156,3.78953
-39.831 31.9626 -8.32331 0.707239 
3.78953,3.9444
-20.4095 16.5899 -4.26699 0.350438 
3.9444,4.104
-10.1892 8.81764 -2.29667 0.183931 
4.104,4.26463
-13.6867 11.3745 -2.91972 0.234536 
4.26463,4.42225
-12.3333 10.4218 -2.69625 0.217069 
4.42225,4.57382
-38.53 28.1917 -6.71435 0.519938 
4.57382,4.71818
-74.6039 51.8499 -11.8866 0.896882 
4.71818,4.8563
-86.9849 59.7199 -13.5543 1.01471 
4.8563,4.99051
-19.0569 17.7572 -4.91346 0.421603 
4.99051,5.12336
92.9806 -49.5913 8.58168 -0.479783 
5.12336,5.25656
159.592 -88.5951 16.1945 -0.975086 
5.25656,5.39074
164.936 -91.6451 16.7748 -1.01188 
5.39074,5.52563
165.295 -91.8454 16.812 -1.01418 
z(t) = 
0,0.134892
0.540302 0.0553324 0 2.03404 
0.134892,0.269071
0.546977 -0.0934161 1.10386 -0.693718 
0.269071,0.402272
0.538049 0.00638267 0.732472 -0.233629 
0.402272,0.535115
0.572194 -0.247968 1.3644 -0.75726 
0.535115,0.669332
0.581346 -0.299741 1.46158 -0.817798 
0.669332,0.807449
0.491536 0.101222 0.863708 -0.520052 
0.807449,0.951811
0.277697 0.894393 -0.117785 -0.114869 
0.951811,1.10338
0.115616 1.40528 -0.65455 0.0731114 
1.10338,1.261
0.142553 1.3329 -0.589341 0.0534116 
1.261,1.42163
0.505332 0.470799 0.0939345 -0.127206 
1.42163,1.58123
-0.297905 2.16682 -1.09943 0.152604 
1.58123,1.7361
0.845412 -0.00146237 0.27156 -0.136408 
1.7361,1.88407
0.0973384 1.29184 -0.47357 0.00665769 
1.88407,2.02508
-1.82936 4.35903 -2.10134 0.294646 
2.02508,2.16091
-5.33179 9.54594 -4.66227 0.716182 
2.16091,2.29416
-6.41403 11.0473 -5.35681 0.823319 
2.29416,2.42704
-3.20179 6.84683 -3.52587 0.55729 
2.42704,2.56071
1.54595 0.978573 -1.10806 0.225224 
2.56071,2.69532
3.14886 -0.899325 -0.374709 0.129762 
2.69532,2.83031
5.68933 -3.72724 0.674537 -1.94643e-14 
2.83031,2.96492
8.63098 -6.84553 1.77633 -0.129762 
2.96492,3.09859
11.1191 -9.36307 2.62545 -0.225224 
3.09859,3.23147
20.9987 -18.928 5.71226 -0.55729 
3.23147,3.36472
29.9757 -27.262 8.29125 -0.823319 
3.36472,3.50055
25.8927 -23.6226 7.2098 -0.716182 
3.50055,3.64156
7.80789 -8.12547 2.78297 -0.294646 
3.64156,3.78953
-6.10049 3.33187 -0.363206 -0.00665769 
3.78953,3.9444
-13.8849 9.49505 -1.98966 0.136408 
3.9444,4.104
3.85302 -3.99501 1.43028 -0.152604 
4.104,4.26463
-15.4862 10.1429 -2.01474 0.127206 
4.26463,4.42225
-1.4753 0.287686 0.296056 -0.0534116 
4.42225,4.57382
0.230302 -0.868512 0.557409 -0.0731114 
4.57382,4.71818
-17.7562 10.929 -2.02195 0.114869 
4.71818,4.8563
-60.3167 37.9893 -7.75713 0.520052 
4.8563,4.99051
-94.4212 59.0559 -12.095 0.817798 
4.99051,5.12336
-86.898 54.533 -11.1886 0.75726 
5.12336,5.25656
-16.4784 13.2988 -3.14037 0.233629 
5.25656,5.39074
-83.3039 51.4374 -10.3958 0.693718 
5.39074,5.52563
344.012 -186.369 33.718 -2.03404 
