x(t) = 
0,0.536041
0.841471 -0.537826 0 -0.202951 
0.536041,1.13158
0.739993 0.0519092 -1.12051 0.493828 
1.13158,1.79168
2.48479 -4.54351 2.92716 -0.698508 
1.79168,2.334
-8.39649 13.6428 -7.21398 1.1882 
2.334,2.87557
6.67658 -5.76079 1.10581 1.23e-15 
2.87557,3.41789
34.8871 -35.2215 11.3561 -1.1882 
3.41789,4.07799
-40.5019 30.9167 -7.98962 0.698508 
4.07799,4.67353
40.4204 -28.5841 6.59738 -0.493828 
4.67353,5.20957
-30.6548 17.0619 -3.17187 0.202951 
y(t) = 
0,0.536041
0 1.02203 0 -0.985504 
0.536041,1.13158
-0.288241 2.63511 -3.00915 0.885714 
1.13158,1.79168
0.60626 0.321444 -0.990061 0.290944 
1.79168,2.334
-1.1513 3.20383 -2.58194 0.587106 
2.334,2.87557
30.2678 -37.1602 14.7076 -1.88213 
2.87557,3.41789
-28.4747 24.1037 -6.59376 0.587106 
3.41789,4.07799
-16.5462 13.6942 -3.55701 0.290944 
4.07799,4.67353
-56.9995 43.3961 -10.8334 0.885714 
4.67353,5.20957
134.012 -79.2165 15.4021 -0.985504 
z(t) = 
0,0.536041
0.540302 0.340268 0 0.110068 
0.536041,1.13158
0.615101 -0.100415 0.842691 -0.413954 
1.13158,1.79168
-0.0273811 1.60499 -0.665335 0.030271 
1.79168,2.334
-4.05297 8.30826 -4.39628 0.724396 
2.334,2.87557
5.13649 -3.52132 0.675933 -3.41666e-16 
2.87557,3.41789
22.3353 -21.4823 6.92509 -0.724396 
3.41789,4.07799
-5.44309 2.86259 -0.192238 -0.030271 
4.07799,4.67353
-35.5648 25.0239 -5.62687 0.413954 
4.67353,5.20957
17.875 -9.30186 1.72022 -0.110068 
