x(t) = 
0,0.0332423
0.841471 -0.0221412 0 -13.5991 
0.0332423,0.0664728
0.840835 0.0352516 -1.72667 3.71489 
0.0664728,0.09968
0.842182 -0.0255307 -0.812313 -0.870237 
0.09968,0.132853
0.840904 0.012933 -1.19822 0.420266 
0.132853,0.165983
0.841555 -0.00174913 -1.08773 0.143024 
0.165983,0.199061
0.840858 0.0108525 -1.16366 0.295512 
0.199061,0.232082
0.840479 0.0165644 -1.19235 0.343565 
0.232082,0.265042
0.839382 0.0307346 -1.25341 0.431254 
0.265042,0.29794
0.837732 0.0494078 -1.32385 0.519851 
0.29794,0.330779
0.835124 0.0756683 -1.41198 0.618449 
0.330779,0.363565
0.831386 0.109556 -1.51442 0.721675 
0.363565,0.396308
0.826344 0.15115 -1.62881 0.826555 
0.396308,0.429021
0.820132 0.198169 -1.74744 0.926333 
0.429021,0.461724
0.81288 0.248865 -1.86559 1.01814 
0.461724,0.494437
0.806824 0.288211 -1.95081 1.07965 
0.494437,0.527188
0.797394 0.345427 -2.06652 1.15767 
0.527188,0.560007
0.814334 0.249032 -1.88368 1.04206 
0.560007,0.592929
0.768064 0.496917 -2.32634 1.30554 
0.592929,0.625989
0.833282 0.166961 -1.76987 0.992705 
0.625989,0.659226
0.848786 0.0926819 -1.65123 0.92953 
0.659226,0.692681
0.89075 -0.0982596 -1.36161 0.783085 
0.692681,0.726392
0.940668 -0.314421 -1.04957 0.632922 
0.726392,0.760398
1.00276 -0.570843 -0.696579 0.470941 
0.760398,0.794734
1.0724 -0.845578 -0.335291 0.312564 
0.794734,0.829434
1.14631 -1.12453 0.0156994 0.165349 
0.829434,0.864525
1.22001 -1.39108 0.337054 0.036203 
0.864525,0.900029
1.28952 -1.63231 0.616085 -0.0713825 
0.900029,0.93596
1.35093 -1.83699 0.843507 -0.15561 
0.93596,0.972327
1.40357 -2.00574 1.0238 -0.219821 
0.972327,1.00913
1.2233 -1.44955 0.45179 -0.0237232 
1.00913,1.04636
1.81397 -3.20553 2.1919 -0.598513 
1.04636,1.084
1.40813 -2.042 1.07993 -0.244278 
1.084,1.12203
1.53859 -2.40309 1.41305 -0.346712 
1.12203,1.16041
1.49829 -2.29536 1.31704 -0.318192 
1.16041,1.19911
1.49949 -2.29846 1.31973 -0.318963 
1.19911,1.23808
1.48398 -2.25968 1.2874 -0.309976 
1.23808,1.27728
1.46796 -2.2209 1.25608 -0.301543 
1.27728,1.31663
1.46842 -2.22198 1.25693 -0.301765 
1.31663,1.3561
1.40888 -2.08632 1.1539 -0.27568 
1.3561,1.39561
1.65561 -2.63214 1.55639 -0.374616 
1.39561,1.4351
1.47053 -2.2343 1.27132 -0.306528 
1.4351,1.47452
1.42559 -2.14035 1.20586 -0.291322 
1.47452,1.5138
1.45531 -2.20081 1.24686 -0.300591 
1.5138,1.55289
1.47386 -2.23756 1.27113 -0.305935 
1.55289,1.59173
1.50462 -2.29696 1.30938 -0.314146 
1.59173,1.63028
1.52881 -2.34253 1.338 -0.320139 
1.63028,1.66849
1.56484 -2.40881 1.37865 -0.32845 
1.66849,1.70633
1.49724 -2.28723 1.30577 -0.313892 
1.70633,1.74376
1.71474 -2.66961 1.52986 -0.357667 
1.74376,1.78078
2.20687 -3.51625 2.01538 -0.450477 
1.78078,1.81737
-0.432139 0.929581 -0.481191 0.0168396 
1.81737,1.85352
1.22863 -1.81191 1.0273 -0.259841 
1.85352,1.88923
0.195482 -0.139701 0.125118 -0.097594 
1.88923,1.92453
-0.290772 0.632446 -0.283592 -0.0254818 
1.92453,1.95942
-1.18228 2.02215 -1.00569 0.0995878 
1.95942,1.99393
-2.21382 3.60148 -1.81171 0.236706 
1.99393,2.0281
-3.4359 5.44016 -2.73384 0.390862 
2.0281,2.06195
-4.78397 7.43422 -3.71705 0.552461 
2.06195,2.09553
-6.15417 9.42774 -4.68385 0.708753 
2.09553,2.12887
-7.57077 11.4557 -5.65162 0.862695 
2.12887,2.16202
-8.43438 12.6727 -6.22326 0.9522 
2.16202,2.195
-10.5703 15.6364 -7.59406 1.16355 
2.195,2.22787
-10.8364 16.0001 -7.75975 1.18871 
2.22787,2.26065
-9.78087 14.5788 -7.12177 1.09325 
2.26065,2.29338
-10.1523 15.0717 -7.33981 1.1254 
2.29338,2.32608
-9.25406 13.8967 -6.82747 1.05094 
2.32608,2.35879
-8.28954 12.6527 -6.29269 0.974301 
2.35879,2.39151
-7.01667 11.0339 -5.60637 0.877314 
2.39151,2.42428
-5.60752 9.26618 -4.86722 0.77429 
2.42428,2.45709
-4.11553 7.41988 -4.10564 0.669574 
2.45709,2.48996
-2.61535 5.58824 -3.36019 0.568445 
2.48996,2.52289
-1.15638 3.83042 -2.65422 0.473936 
2.52289,2.55588
0.219783 2.194 -2.0056 0.388237 
2.55588,2.58893
1.51001 0.679572 -1.41307 0.310961 
2.58893,2.62203
2.63791 -0.627418 -0.90823 0.245961 
2.62203,2.65518
3.87457 -2.04235 -0.368597 0.177359 
2.65518,2.68838
4.19911 -2.40904 -0.230493 0.160021 
2.68838,2.7216
7.63693 -6.24536 1.19651 -0.0169144 
2.7216,2.75483
-1.28566 3.58995 -2.41729 0.425694 
2.75483,2.78808
7.61419 -6.10195 1.10086 6.39429e-12 
2.78808,2.82132
16.8401 -16.0292 4.66146 -0.425694 
2.82132,2.85454
6.90041 -5.45993 0.915247 0.0169144 
2.85454,2.88773
11.0159 -9.78514 2.43045 -0.160021 
2.88773,2.92088
11.4334 -10.2189 2.58065 -0.177359 
2.92088,2.95398
13.1429 -11.9747 3.18179 -0.245961 
2.95398,2.98703
14.8184 -13.6763 3.75781 -0.310961 
2.98703,3.02002
16.8779 -15.7447 4.45029 -0.388237 
3.02002,3.05295
19.2384 -18.0896 5.22674 -0.473936 
3.05295,3.08582
21.9277 -20.7322 6.09232 -0.568445 
3.08582,3.11863
24.8993 -23.6212 7.02853 -0.669574 
3.11863,3.1514
28.0755 -26.6766 8.00824 -0.77429 
3.1514,3.18412
31.2999 -29.746 8.98224 -0.877314 
3.18412,3.21683
34.4309 -32.696 9.9087 -0.974301 
3.21683,3.24953
36.982 -35.0751 10.6483 -1.05094 
3.24953,3.28226
39.5372 -37.4341 11.3742 -1.1254 
3.28226,3.31504
38.4003 -36.395 11.0576 -1.09325 
3.31504,3.34791
41.8778 -39.542 12.007 -1.18871 
3.34791,3.38089
40.9336 -38.6959 11.7542 -1.16355 
3.38089,3.41404
32.766 -31.4485 9.61062 -0.9522 
3.41404,3.44738
29.2043 -28.3188 8.69389 -0.862695 
3.44738,3.48096
22.8972 -22.8303 7.10181 -0.708753 
3.48096,3.51481
16.3049 -17.1488 5.46967 -0.552461 
3.51481,3.54898
9.28802 -11.1597 3.76571 -0.390862 
3.54898,3.58349
2.39717 -5.33479 2.12442 -0.236706 
3.58349,3.61838
-3.91265 -0.0523961 0.650327 -0.0995878 
3.61838,3.65368
-9.83777 4.86011 -0.707322 0.0254818 
3.65368,3.6894
-13.355 7.74806 -1.49775 0.097594 
3.6894,3.72554
-21.5028 14.3734 -3.29353 0.259841 
3.72554,3.76213
-7.19582 2.85268 -0.201169 -0.0168396 
3.76213,3.79915
-32.0793 22.6953 -5.47549 0.450477 
3.79915,3.83659
-26.99 18.6766 -4.41769 0.357667 
3.83659,3.87442
-24.5179 16.7435 -3.91385 0.313892 
3.87442,3.91263
-25.3646 17.3991 -4.08306 0.32845 
3.91263,3.95118
-24.8667 17.0175 -3.98551 0.320139 
3.95118,3.99002
-24.497 16.7367 -3.91447 0.314146 
3.99002,4.02911
-23.9754 16.3446 -3.81618 0.305935 
4.02911,4.06839
-23.6258 16.0843 -3.75158 0.300591 
4.06839,4.10781
-23.0016 15.624 -3.63846 0.291322 
4.10781,4.1473
-24.0556 16.3938 -3.82585 0.306528 
4.1473,4.18681
-28.9126 19.9072 -4.67299 0.374616 
4.18681,4.22628
-21.6515 14.7043 -3.43032 0.27568 
4.22628,4.26563
-23.6206 16.1021 -3.76104 0.301765 
4.26563,4.30483
-23.6034 16.0899 -3.7582 0.301543 
4.30483,4.3438
-24.2761 16.5588 -3.8671 0.309976 
4.3438,4.3825
-25.0128 17.0675 -3.98422 0.318963 
4.3825,4.42088
-24.9479 17.0231 -3.97408 0.318192 
4.42088,4.45891
-27.4122 18.6953 -4.35234 0.346712 
4.45891,4.49655
-18.3313 12.5855 -2.9821 0.244278 
4.49655,4.53378
-50.5368 34.0724 -7.76061 0.598513 
4.53378,4.57058
3.02925 -1.3723 0.0573024 0.0237232 
4.57058,4.60695
-15.6943 10.9173 -2.63154 0.219821 
4.60695,4.64288
-9.41593 6.82886 -1.74409 0.15561 
4.64288,4.67839
-0.986135 1.38194 -0.570916 0.0713825 
4.67839,4.71348
10.0303 -5.68233 0.939064 -0.036203 
4.71348,4.74818
23.5543 -14.29 2.76524 -0.165349 
4.74818,4.78251
39.3135 -24.247 4.86225 -0.312564 
4.78251,4.81652
56.6381 -35.1144 7.13457 -0.470941 
4.81652,4.85023
74.7376 -46.3877 9.47513 -0.632922 
4.85023,4.88368
91.8712 -56.9853 11.6601 -0.783085 
4.88368,4.91692
108.929 -67.4637 13.8057 -0.92953 
4.91692,4.94998
116.439 -72.0456 14.7375 -0.992705 
4.94998,4.9829
154.381 -95.0412 19.3831 -1.30554 
4.9829,5.01572
121.783 -75.4149 15.4444 -1.04206 
5.01572,5.04847
136.371 -84.1402 17.184 -1.15767 
5.04847,5.08119
126.332 -78.1752 16.0024 -1.07965 
5.08119,5.11389
118.262 -73.4104 15.0647 -1.01814 
5.11389,5.1466
105.985 -66.2079 13.6563 -0.926333 
5.1466,5.17934
92.3828 -58.2793 12.1157 -0.826555 
5.17934,5.21213
77.8108 -49.8389 10.4861 -0.721675 
5.21213,5.24497
63.1946 -41.4261 8.87204 -0.618449 
5.24497,5.27787
48.9681 -33.2889 7.3206 -0.519851 
5.27787,5.31083
35.9426 -25.885 5.9178 -0.431254 
5.31083,5.34385
22.8075 -18.4653 4.52069 -0.343565 
5.34385,5.37693
15.4746 -14.3486 3.75034 -0.295512 
5.37693,5.41006
-8.23033 -1.12268 1.29059 -0.143024 
5.41006,5.44323
35.6697 -25.4662 5.79027 -0.420266 
5.44323,5.47644
-172.458 89.2418 -15.2832 0.870237 
5.47644,5.50967
580.631 -323.301 60.0473 -3.71489 
5.50967,5.54291
-2315.2 1253.47 -226.136 13.5991 
y(t) = 
0,0.0332423
0 1.04876 0 -0.99497 
0.0332423,0.0664728
-2.25829e-06 1.04896 -0.0062325 -0.932474 
0.0664728,0.09968
6.14111e-06 1.04859 -0.000627707 -0.96058 
0.09968,0.132853
1.47277e-05 1.04834 0.00187057 -0.968934 
0.132853,0.165983
5.35088e-05 1.04747 0.00837378 -0.985251 
0.165983,0.199061
0.000119193 1.04629 0.0154454 -0.999453 
0.199061,0.232082
0.000209161 1.04494 0.0221858 -1.01074 
0.232082,0.265042
0.000262185 1.04427 0.0250805 -1.0149 
0.265042,0.29794
0.000131556 1.04575 0.0194582 -1.00783 
0.29794,0.330779
-0.000487561 1.05199 -0.00149159 -0.984388 
0.330779,0.363565
-0.00207858 1.06642 -0.0451216 -0.940421 
0.363565,0.396308
-0.00557568 1.09528 -0.124479 -0.867662 
0.396308,0.429021
-0.0113465 1.13895 -0.234672 -0.774979 
0.429021,0.461724
-0.0241835 1.2287 -0.443849 -0.612457 
0.461724,0.494437
-0.0294816 1.2631 -0.518332 -0.558685 
0.494437,0.527188
-0.102793 1.70789 -1.4179 0.047773 
0.527188,0.560007
0.0919724 0.599533 0.684539 -1.28157 
0.560007,0.592929
-0.359815 3.01976 -3.63721 1.29087 
0.592929,0.625989
-0.15148 1.96564 -1.85938 0.291405 
0.625989,0.659226
-0.236939 2.37517 -2.51358 0.639761 
0.659226,0.692681
-0.272849 2.53858 -2.76145 0.765095 
0.692681,0.726392
-0.318165 2.73485 -3.04479 0.901444 
0.726392,0.760398
-0.34796 2.85791 -3.21421 0.979192 
0.760398,0.794734
-0.363886 2.92077 -3.2969 1.01544 
0.794734,0.829434
-0.360786 2.9091 -3.28224 1.00929 
0.829434,0.864525
-0.337864 2.82624 -3.18236 0.969151 
0.864525,0.900029
-0.294415 2.67552 -3.00805 0.90194 
0.900029,0.93596
-0.235614 2.47957 -2.79036 0.821319 
0.93596,0.972327
-0.150969 2.20831 -2.50056 0.71811 
0.972327,1.00913
0.261928 0.934394 -1.19041 0.268964 
1.00913,1.04636
-0.555893 3.36571 -3.59976 1.06481 
1.04636,1.084
0.281494 0.964898 -1.30534 0.333892 
1.084,1.12203
0.162549 1.29411 -1.60905 0.427284 
1.12203,1.16041
0.322061 0.86764 -1.22897 0.31437 
1.16041,1.19911
0.390811 0.689921 -1.07583 0.270379 
1.19911,1.23808
0.473259 0.483662 -0.903825 0.222565 
1.23808,1.27728
0.541298 0.318806 -0.770676 0.186717 
1.27728,1.31663
0.57778 0.233126 -0.703598 0.169211 
1.31663,1.3561
0.677561 0.00577534 -0.530924 0.125495 
1.3561,1.39561
0.386337 0.650031 -1.00601 0.242272 
1.39561,1.4351
0.610018 0.169206 -0.661478 0.159983 
1.4351,1.47452
0.639807 0.106931 -0.618082 0.149904 
1.47452,1.5138
0.556976 0.275451 -0.732369 0.17574 
1.5138,1.55289
0.45959 0.468438 -0.859851 0.203811 
1.55289,1.59173
0.307499 0.76225 -1.04905 0.244423 
1.59173,1.63028
0.109992 1.13448 -1.2829 0.293395 
1.63028,1.66849
-0.180592 1.66919 -1.61088 0.360455 
1.66849,1.70633
-0.42445 2.10763 -1.87365 0.412951 
1.70633,1.74376
-1.21425 3.49619 -2.68741 0.571921 
1.74376,1.78078
-3.07322 6.69435 -4.52145 0.922511 
1.78078,1.81737
0.76936 0.220886 -0.886259 0.242063 
1.81737,1.85352
-3.12784 6.65411 -4.42611 0.891327 
1.85352,1.88923
-2.7413 6.02844 -4.08853 0.830617 
1.88923,1.92453
-3.52641 7.27509 -4.7484 0.947043 
1.92453,1.95942
-3.83688 7.75901 -4.99983 0.990592 
1.95942,1.99393
-4.04348 8.0753 -5.16124 1.01805 
1.99393,2.0281
-3.9138 7.88016 -5.06337 1.00169 
2.0281,2.06195
-3.47971 7.23802 -4.74674 0.949649 
2.06195,2.09553
-2.39023 5.65289 -3.97799 0.825373 
2.09553,2.12887
-1.75983 4.7504 -3.54732 0.756867 
2.12887,2.16202
2.82213 -1.70646 -0.514327 0.281969 
2.16202,2.195
-6.12534 10.709 -6.25688 1.16734 
2.195,2.22787
10.0003 -11.3305 3.78391 -0.357456 
2.22787,2.26065
11.0001 -12.6768 4.3882 -0.447871 
2.26065,2.29338
9.34383 -10.4788 3.4159 -0.304504 
2.29338,2.32608
12.6319 -14.7799 5.29134 -0.577093 
2.32608,2.35879
14.1924 -16.7926 6.1566 -0.701086 
2.35879,2.39151
15.8105 -18.8505 7.02904 -0.824375 
2.39151,2.42428
16.9518 -20.2822 7.62768 -0.907815 
2.42428,2.45709
17.771 -21.2959 8.04585 -0.965313 
2.45709,2.48996
18.2627 -21.8963 8.2902 -0.998461 
2.48996,2.52289
18.4882 -22.168 8.39931 -1.01307 
2.52289,2.55588
18.5022 -22.1846 8.40589 -1.01394 
2.55588,2.58893
18.3657 -22.0245 8.34324 -1.00577 
2.58893,2.62203
18.1341 -21.7561 8.23959 -0.992421 
2.62203,2.65518
17.8663 -21.4496 8.12271 -0.977563 
2.65518,2.68838
17.5807 -21.127 8.00118 -0.962306 
2.68838,2.7216
17.4179 -20.9453 7.9336 -0.953927 
2.7216,2.75483
17.0095 -20.4951 7.76819 -0.933668 
2.75483,2.78808
19.2464 -22.9312 8.65247 -1.04067 
2.78808,2.82132
16.9275 -20.436 7.75752 -0.933668 
2.82132,2.85454
17.3825 -20.9197 7.92899 -0.953927 
2.85454,2.88773
17.5774 -21.1246 8.00075 -0.962306 
2.88773,2.92088
17.9448 -21.5062 8.13292 -0.977563 
2.92088,2.95398
18.315 -21.8865 8.26312 -0.992421 
2.95398,2.98703
18.6591 -22.2359 8.38139 -1.00577 
2.98703,3.02002
18.8768 -22.4546 8.45461 -1.01394 
3.02002,3.05295
18.8529 -22.4308 8.44672 -1.01307 
3.05295,3.08582
18.4373 -22.0224 8.31294 -0.998461 
3.08582,3.11863
17.4632 -21.0755 8.00608 -0.965313 
3.11863,3.1514
15.7192 -19.3978 7.46813 -0.907815 
3.1514,3.18412
13.1078 -16.9118 6.67927 -0.824375 
3.18412,3.21683
9.12766 -13.1618 5.50157 -0.701086 
3.21683,3.24953
5.00018 -9.3126 4.30498 -0.577093 
3.24953,3.28226
-4.35327 -0.677424 1.64762 -0.304504 
3.28226,3.31504
0.716198 -5.31097 3.05932 -0.447871 
3.31504,3.34791
-2.57772 -2.33013 2.16014 -0.357456 
3.34791,3.38089
-59.7957 48.9418 -13.1545 1.16734 
3.38089,3.41404
-25.5805 18.5813 -4.17446 0.281969 
3.41404,3.44738
-44.4781 35.1871 -9.03842 0.756867 
3.44738,3.48096
-47.2848 37.6296 -9.74692 0.825373 
3.48096,3.51481
-52.5266 42.1471 -11.0447 0.949649 
3.51481,3.54898
-54.7862 44.0758 -11.5934 1.00169 
3.54898,3.58349
-55.5176 44.694 -11.7677 1.01805 
3.58349,3.61838
-54.2539 43.6362 -11.4725 0.990592 
3.61838,3.65368
-52.1907 41.9256 -10.9997 0.947043 
3.65368,3.6894
-46.512 37.263 -9.72358 0.830617 
3.6894,3.72554
-49.5607 39.742 -10.3955 0.891327 
3.72554,3.76213
-15.9876 12.7073 -3.13894 0.242063 
3.76213,3.79915
-52.2199 41.5997 -10.8187 0.922511 
3.79915,3.83659
-32.9952 26.4189 -6.82292 0.571921 
3.83659,3.87442
-24.0177 19.3991 -4.99321 0.412951 
3.87442,3.91263
-20.9645 17.035 -4.38303 0.360455 
3.91263,3.95118
-16.9477 13.9552 -3.59589 0.293395 
3.95118,3.99002
-13.9269 11.6615 -3.0154 0.244423 
3.99002,4.02911
-11.347 9.72184 -2.52926 0.203811 
4.02911,4.06839
-9.51097 8.35474 -2.18996 0.17574 
4.06839,4.10781
-7.77118 7.07184 -1.87463 0.149904 
4.10781,4.1473
-8.46985 7.58209 -1.99884 0.159983 
4.1473,4.18681
-14.3398 11.8282 -3.02267 0.242272 
4.18681,4.22628
-5.76932 5.68713 -1.5559 0.125495 
4.22628,4.26563
-9.06934 8.02963 -2.11017 0.169211 
4.26563,4.30483
-10.4281 8.9852 -2.33419 0.186717 
4.30483,4.3438
-13.2879 10.9782 -2.79715 0.222565 
4.3438,4.3825
-17.2068 13.6848 -3.42023 0.270379 
4.3825,4.42088
-20.9097 16.2195 -3.99861 0.31437 
4.42088,4.45891
-30.6657 22.8399 -5.49614 0.427284 
4.45891,4.49655
-22.3864 17.2695 -4.24686 0.333892 
4.49655,4.53378
-88.8387 61.6049 -14.1067 1.06481 
4.53378,4.57058
-14.6716 12.5285 -3.28212 0.268964 
4.57058,4.60695
-57.5564 40.6769 -9.4407 0.71811 
4.60695,4.64288
-67.648 47.2484 -10.8671 0.821319 
4.64288,4.67839
-75.717 52.4621 -11.9901 0.90194 
4.67839,4.71348
-82.5993 56.8753 -12.9334 0.969151 
4.71348,4.74818
-86.8027 59.5506 -13.501 1.00929 
4.74818,4.78251
-87.4608 59.9664 -13.5885 1.01544 
4.78251,4.81652
-83.4961 57.4794 -13.0685 0.979192 
4.81652,4.85023
-74.8088 52.0684 -11.9451 0.901444 
4.85023,4.88368
-59.2513 42.4457 -9.96111 0.765095 
4.88368,4.91692
-44.6526 33.4779 -8.12483 0.639761 
4.91692,4.94998
-3.24284 8.2122 -2.98632 0.291405 
4.94998,4.9829
-124.464 81.6798 -17.8283 1.29087 
4.9829,5.01572
193.804 -109.936 20.6263 -1.28157 
5.01572,5.04847
26.0637 -9.60735 0.623494 0.047773 
5.04847,5.08119
104.097 -55.9779 9.80855 -0.558685 
5.08119,5.11389
111.151 -60.1428 10.6282 -0.612457 
5.11389,5.1466
132.887 -72.8936 13.1216 -0.774979 
5.1466,5.17934
145.522 -80.2585 14.5526 -0.867662 
5.17934,5.21213
155.631 -86.1139 15.6831 -0.940421 
5.21213,5.24497
161.856 -89.6971 16.3706 -0.984388 
5.24497,5.27787
165.238 -91.6315 16.7394 -1.00783 
5.27787,5.31083
166.277 -92.2224 16.8514 -1.0149 
5.31083,5.34385
165.655 -91.8706 16.7851 -1.01074 
5.34385,5.37693
163.932 -90.9036 16.6042 -0.999453 
5.37693,5.41006
161.725 -89.6718 16.3751 -0.985251 
5.41006,5.44323
159.141 -88.2391 16.1103 -0.968934 
5.44323,5.47644
157.793 -87.4965 15.9739 -0.96058 
5.47644,5.50967
153.177 -84.9677 15.5121 -0.932474 
5.50967,5.54291
163.63 -90.6592 16.5451 -0.99497 
z(t) = 
0,0.0332423
0.540302 0.0134821 0 8.28696 
0.0332423,0.0664728
0.540689 -0.0214271 1.05025 -2.2443 
0.0664728,0.09968
0.539866 0.0157286 0.491312 0.558543 
0.09968,0.132853
0.540634 -0.00738531 0.723218 -0.216958 
0.132853,0.165983
0.540216 0.00204703 0.652231 -0.0388493 
0.165983,0.199061
0.540604 -0.00497632 0.694552 -0.12384 
0.199061,0.232082
0.540788 -0.00775395 0.708508 -0.14721 
0.232082,0.265042
0.541415 -0.0158516 0.743398 -0.197322 
0.265042,0.29794
0.54242 -0.0272303 0.786326 -0.251311 
0.29794,0.330779
0.544118 -0.0443203 0.843681 -0.315478 
0.330779,0.363565
0.546717 -0.0678855 0.914914 -0.387262 
0.363565,0.396308
0.550478 -0.0989182 1.00026 -0.465512 
0.396308,0.429021
0.555502 -0.136937 1.09619 -0.546195 
0.429021,0.461724
0.561996 -0.182342 1.20201 -0.628417 
0.461724,0.494437
0.5685 -0.224597 1.29352 -0.694482 
0.494437,0.527188
0.579405 -0.290765 1.42735 -0.784701 
0.527188,0.560007
0.570014 -0.237328 1.32599 -0.720614 
0.560007,0.592929
0.615677 -0.481954 1.76282 -0.980631 
0.592929,0.625989
0.57395 -0.270847 1.40679 -0.780478 
0.625989,0.659226
0.572521 -0.264021 1.39591 -0.774681 
0.659226,0.692681
0.55166 -0.16911 1.25195 -0.701891 
0.692681,0.726392
0.524641 -0.0521161 1.08307 -0.620622 
0.726392,0.760398
0.487206 0.102458 0.870294 -0.522981 
0.760398,0.794734
0.441943 0.281006 0.635504 -0.420056 
0.794734,0.829434
0.390524 0.475082 0.391317 -0.317638 
0.829434,0.864525
0.336258 0.671337 0.154716 -0.222553 
0.864525,0.900029
0.28082 0.863699 -0.0677815 -0.136765 
0.900029,0.93596
0.233285 1.02214 -0.243814 -0.0715694 
0.93596,0.972327
0.171251 1.22097 -0.45625 0.00408762 
0.972327,1.00913
0.532931 0.105038 0.691447 -0.389366 
1.00913,1.04636
-0.368861 2.78595 -1.96522 0.488177 
1.04636,1.084
0.226706 1.07843 -0.333358 -0.0316757 
1.084,1.12203
0.0343914 1.61068 -0.824367 0.119311 
1.12203,1.16041
0.0889868 1.46472 -0.694291 0.0806678 
1.16041,1.19911
0.0842756 1.47692 -0.704808 0.0836889 
1.19911,1.23808
0.106565 1.42117 -0.658324 0.070767 
1.23808,1.27728
0.14294 1.33304 -0.587153 0.0516054 
1.27728,1.31663
0.140864 1.33794 -0.590989 0.0526066 
1.31663,1.3561
0.340556 0.882946 -0.245424 -0.0348805 
1.3561,1.39561
1.60886 -1.92282 1.82357 -0.543447 
1.39561,1.4351
-1.87132 5.55821 -3.53685 0.736861 
1.4351,1.47452
0.983927 -0.410524 0.622252 -0.22918 
1.47452,1.5138
0.227352 1.12879 -0.4217 0.00681857 
1.5138,1.55289
0.520013 0.548822 -0.0385831 -0.0775425 
1.55289,1.59173
0.503158 0.581401 -0.0595677 -0.0730381 
1.59173,1.63028
0.553707 0.486146 0.000270613 -0.0855691 
1.63028,1.66849
0.593434 0.413057 0.0450982 -0.0947348 
1.66849,1.70633
0.464527 0.644852 -0.0938315 -0.0669792 
1.70633,1.74376
0.863643 -0.0568448 0.317397 -0.147313 
1.74376,1.78078
1.30422 -0.814809 0.752063 -0.230403 
1.78078,1.81737
-2.1716 5.04074 -2.53613 0.385093 
1.81737,1.85352
0.554776 0.540201 -0.0597186 -0.0691191 
1.85352,1.88923
-0.710448 2.58802 -1.16455 0.129572 
1.88923,1.92453
-0.987945 3.02866 -1.39778 0.170724 
1.92453,1.95942
-1.70208 4.14185 -1.9762 0.270907 
1.95942,1.99393
-2.43116 5.2581 -2.54588 0.36782 
1.99393,2.0281
-3.25641 6.49971 -3.16857 0.471917 
2.0281,2.06195
-4.10134 7.74952 -3.78481 0.573201 
2.06195,2.09553
-4.88474 8.8893 -4.33757 0.662559 
2.09553,2.12887
-5.63547 9.96402 -4.85042 0.744139 
2.12887,2.16202
-5.88022 10.3089 -5.01242 0.769503 
2.16202,2.195
-7.15069 12.0718 -5.8278 0.895217 
2.195,2.22787
-6.7549 11.5308 -5.58135 0.857791 
2.22787,2.26065
-5.54336 9.89938 -4.84906 0.748226 
2.26065,2.29338
-5.48762 9.82542 -4.81634 0.743401 
2.29338,2.32608
-4.507 8.54265 -4.25701 0.662104 
2.32608,2.35879
-3.57292 7.33795 -3.7391 0.587887 
2.35879,2.39151
-2.49374 5.96542 -3.15722 0.505658 
2.39151,2.42428
-1.40131 4.59504 -2.5842 0.42579 
2.42428,2.45709
-0.327577 3.26632 -2.03612 0.350429 
2.45709,2.48996
0.681482 2.03431 -1.53471 0.282407 
2.48996,2.52289
1.60059 0.926928 -1.08997 0.222869 
2.52289,2.55588
2.41103 -0.0367691 -0.707987 0.1724 
2.55588,2.58893
3.11866 -0.867362 -0.383013 0.130018 
2.58893,2.62203
3.68488 -1.52349 -0.129575 0.097387 
2.62203,2.65518
4.28214 -2.20685 0.131046 0.0642546 
2.65518,2.68838
4.29565 -2.22212 0.136798 0.0635326 
2.68838,2.7216
6.1814 -4.32646 0.919555 -0.033522 
2.7216,2.75483
0.525612 1.90788 -1.37114 0.247036 
2.75483,2.78808
5.69031 -3.71646 0.670488 -1.31693e-12 
2.78808,2.82132
11.0442 -9.47736 2.73675 -0.247036 
2.82132,2.85454
4.74372 -2.77779 0.362127 0.033522 
2.85454,2.88773
7.00118 -5.1503 1.19326 -0.0635326 
2.88773,2.92088
7.01856 -5.16836 1.19952 -0.0642546 
2.92088,2.95398
7.8442 -6.01637 1.48985 -0.097387 
2.95398,2.98703
8.68531 -6.87058 1.77902 -0.130018 
2.98703,3.02002
9.81487 -8.00504 2.15881 -0.1724 
3.02002,3.05295
11.205 -9.38595 2.61607 -0.222869 
3.05295,3.08582
12.8992 -11.0507 3.16136 -0.282407 
3.08582,3.11863
14.8979 -12.9939 3.79108 -0.350429 
3.11863,3.1514
17.1838 -15.1928 4.49615 -0.42579 
3.1514,3.18412
19.6834 -17.5724 5.25124 -0.505658 
3.18412,3.21683
22.338 -20.0734 6.03671 -0.587887 
3.21683,3.24953
24.8085 -22.3774 6.75295 -0.662104 
3.24953,3.28226
27.5981 -24.9528 7.54548 -0.743401 
3.28226,3.31504
27.7687 -25.1087 7.59298 -0.748226 
3.31504,3.34791
31.7602 -28.7209 8.68262 -0.857791 
3.34791,3.38089
33.1646 -29.9794 9.05852 -0.895217 
3.38089,3.41404
28.3064 -25.6685 7.78345 -0.769503 
3.41404,3.44738
27.297 -24.7815 7.52366 -0.744139 
3.44738,3.48096
23.9546 -21.8729 6.67995 -0.662559 
3.48096,3.51481
20.1855 -18.6246 5.74679 -0.573201 
3.51481,3.54898
15.7876 -14.8709 4.67882 -0.471917 
3.54898,3.58349
11.1344 -10.9375 3.5705 -0.36782 
3.58349,3.61838
6.67469 -7.20398 2.52864 -0.270907 
3.61838,3.65368
1.92851 -3.26894 1.44113 -0.170724 
3.65368,3.6894
-0.0786576 -1.62089 0.990068 -0.129572 
3.6894,3.72554
-10.0567 6.49264 -1.20908 0.0691191 
3.72554,3.76213
13.4303 -12.4203 3.86748 -0.385093 
3.76213,3.79915
-19.3434 13.7142 -3.07925 0.230403 
3.79915,3.83659
-14.7872 10.1163 -2.13224 0.147313 
3.83659,3.87442
-10.2505 6.56892 -1.20761 0.0669792 
3.87442,3.91263
-11.8647 7.81885 -1.53022 0.0947348 
3.91263,3.95118
-11.3157 7.3979 -1.42264 0.0855691 
3.95118,3.99002
-10.5427 6.81099 -1.2741 0.0730381 
3.99002,4.02911
-10.8288 7.02611 -1.32802 0.0775425 
4.02911,4.06839
-5.31091 2.91762 -0.308316 -0.00681857 
4.06839,4.10781
-21.2028 14.6362 -3.18872 0.22918 
4.10781,4.1473
45.7589 -34.267 8.71622 -0.736861 
4.1473,4.18681
-45.5708 31.7974 -7.21326 0.543447 
4.18681,4.22628
-8.24586 5.05277 -0.825442 0.0348805 
4.22628,4.26563
-1.64165 0.364829 0.283792 -0.0526066 
4.26563,4.30483
-1.71933 0.419471 0.27098 -0.0516054 
4.30483,4.3438
-0.190679 -0.645814 0.518442 -0.070767 
4.3438,4.3825
0.868453 -1.37728 0.686832 -0.0836889 
4.3825,4.42088
0.614199 -1.20321 0.647112 -0.0806678 
4.42088,4.45891
3.95309 -3.46896 1.15962 -0.119311 
4.45891,4.49655
-9.43207 5.53672 -0.860085 0.0316757 
4.49655,4.53378
37.8307 -25.9959 6.15254 -0.488177 
4.53378,4.57058
-43.9498 28.1182 -5.78322 0.389366 
4.57058,4.60695
-6.38266 3.46017 -0.388278 -0.00408762 
4.60695,4.64288
-13.7803 8.27741 -1.43392 0.0715694 
4.64288,4.67839
-20.3052 12.4935 -2.342 0.136765 
4.67839,4.71348
-29.0897 18.1265 -3.54605 0.222553 
4.71348,4.74818
-39.0469 24.464 -4.8906 0.317638 
4.74818,4.78251
-50.0108 31.3912 -6.3495 0.420056 
4.78251,4.81652
-61.2695 38.4536 -7.82621 0.522981 
4.81652,4.85023
-72.1798 45.2491 -9.23709 0.620622 
4.85023,4.88368
-81.4526 50.9846 -10.4196 0.701891 
4.88368,4.91692
-89.9311 56.1928 -11.4861 0.774681 
4.91692,4.94998
-90.6203 56.6133 -11.5716 0.780478 
4.94998,4.9829
-114.896 71.3259 -14.5438 0.980631 
4.9829,5.01572
-82.7263 51.9578 -10.6569 0.720614 
5.01572,5.04847
-90.813 56.7946 -11.6212 0.784701 
5.04847,5.08119
-79.2044 49.8963 -10.2548 0.694482 
5.08119,5.11389
-70.5374 44.7792 -9.24776 0.628417 
5.11389,5.1466
-59.5412 38.3284 -7.98634 0.546195 
5.1466,5.17934
-48.5425 31.9172 -6.74062 0.465512 
5.17934,5.21213
-37.6704 25.6198 -5.52476 0.387262 
5.21213,5.24497
-27.5062 19.7695 -4.40232 0.315478 
5.24497,5.27787
-18.2476 14.4739 -3.39265 0.251311 
5.27787,5.31083
-10.3102 9.96211 -2.53781 0.197322 
5.31083,5.34385
-2.80385 5.72192 -1.7394 0.14721 
5.34385,5.37693
0.762458 3.71981 -1.36475 0.12384 
5.37693,5.41006
13.9746 -3.65177 0.00621686 0.0388493 
5.41006,5.44323
-14.2281 11.9873 -2.88452 0.216958 
5.44323,5.47644
110.842 -56.9441 9.77918 -0.558543 
5.47644,5.50967
-349.514 195.239 -36.2697 2.2443 
5.50967,5.54291
1411.88 -763.836 137.802 -8.28696 
