x(t) = 
0,0.698132
0.841471 -0.335027 0 -0.154732 
0.698132,1.39626
0.698411 0.279727 -0.88057 0.265709 
1.39626,2.0944
2.0851 -2.6997 1.25328 -0.243712 
2.0944,2.79253
-4.04729 6.08431 -2.94077 0.423793 
2.79253,3.49066
5.18151 -3.83016 0.609589 5.83102e-16 
3.49066,4.18879
23.2065 -19.3215 5.04754 -0.423793 
4.18879,4.88692
-25.8526 15.8145 -3.34057 0.243712 
4.88692,5.58505
33.6016 -20.6834 4.12792 -0.265709 
5.58505,6.28319
-39.645 18.6608 -2.91664 0.154732 
y(t) = 
0,0.698132
0 0.821824 0 -0.464829 
0.698132,1.39626
-0.261774 1.94671 -1.61129 0.304504 
1.39626,2.0944
-0.980028 3.48995 -2.71655 0.568365 
2.0944,2.79253
5.21544 -5.3844 1.52064 -0.106004 
2.79253,3.49066
16.0617 -17.0365 5.69324 -0.604072 
3.49066,4.18879
-5.12242 1.16991 0.477491 -0.106004 
4.18879,4.88692
-54.6861 36.6673 -7.99689 0.568365 
4.88692,5.58505
-23.891 17.7627 -4.12847 0.304504 
5.58505,6.28319
110.137 -54.2303 8.76182 -0.464829 
z(t) = 
0,0.698132
0.540302 0.194377 0 0.131239 
0.698132,1.39626
0.724289 -0.59625 1.13249 -0.409485 
1.39626,2.0944
-0.846718 2.7792 -1.285 0.167649 
2.0944,2.79253
-2.07855 4.54367 -2.12747 0.301732 
2.79253,3.49066
4.49217 -2.51523 0.400311 -1.85532e-16 
3.49066,4.18879
17.3256 -13.5448 3.56004 -0.301732 
4.18879,4.88692
7.47099 -6.48691 1.8751 -0.167649 
4.88692,5.58505
-59.8859 34.8624 -6.58612 0.409485 
5.58505,6.28319
34.3155 -15.7377 2.4738 -0.131239 
