x(t) = 
0,0.161107
0.841471 -0.0648148 0 -1.75466 
0.161107,0.322215
0.831198 0.126485 -1.18741 0.702101 
0.322215,0.483322
0.84821 -0.0319073 -0.695832 0.193564 
0.483322,0.644429
0.822303 0.128899 -1.02854 0.423026 
0.644429,0.805537
0.836309 0.0636965 -0.927364 0.37069 
0.805537,0.966644
0.875048 -0.0805758 -0.748263 0.296578 
0.966644,1.12775
1.01208 -0.505866 -0.308298 0.144862 
1.12775,1.28886
1.2573 -1.15817 0.270117 -0.0261022 
1.28886,1.44997
1.56628 -1.87738 0.828136 -0.170421 
1.44997,1.61107
1.78325 -2.3263 1.13774 -0.241596 
1.61107,1.77218
1.68123 -2.13631 1.01982 -0.217197 
1.77218,1.93329
1.0566 -1.07893 0.42316 -0.104971 
1.93329,2.0944
-0.131361 0.764504 -0.530363 0.0594336 
2.0944,2.2555
-1.6581 2.95139 -1.57452 0.225617 
2.2555,2.41661
-3.04501 4.7961 -2.39239 0.346487 
2.41661,2.57772
-3.71237 5.62456 -2.73522 0.393774 
2.57772,2.73882
-3.20281 5.03152 -2.50515 0.364024 
2.73882,2.89993
-1.33713 2.98794 -1.759 0.273212 
2.89993,3.06104
1.79338 -0.250598 -0.642234 0.144845 
3.06104,3.22215
5.9478 -4.32218 0.687896 -2.02142e-14 
3.22215,3.38325
10.7933 -8.83363 2.08803 -0.144845 
3.38325,3.54436
15.7645 -13.2416 3.39092 -0.273212 
3.54436,3.70547
19.8079 -16.6641 4.35653 -0.364024 
3.70547,3.86658
21.3216 -17.8896 4.68725 -0.393774 
3.86658,4.02768
18.5881 -15.7687 4.13874 -0.346487 
4.02768,4.18879
10.6907 -9.88634 2.67826 -0.225617 
4.18879,4.3499
-1.52322 -1.1388 0.589933 -0.0594336 
4.3499,4.511
-15.0549 8.19358 -1.55549 0.104971 
4.511,4.67211
-25.3567 15.0447 -3.07426 0.217197 
4.67211,4.83322
-27.845 16.6425 -3.41623 0.241596 
4.83322,4.99433
-19.8091 11.6545 -2.38422 0.170421 
4.99433,5.15543
-1.83058 0.855202 -0.221898 0.0261022 
5.15543,5.31654
21.5956 -12.7767 2.42229 -0.144862 
5.31654,5.47765
44.3947 -25.6417 4.8421 -0.296578 
5.47765,5.63876
56.5754 -32.3129 6.05998 -0.37069 
5.63876,5.79986
65.9585 -37.305 6.9453 -0.423026 
5.79986,5.96097
21.191 -14.1488 2.95276 -0.193564 
5.96097,6.12208
128.905 -68.3586 12.0469 -0.702101 
6.12208,6.28319
-434.809 207.878 -33.0745 1.75466 
y(t) = 
0,0.161107
0 0.84143 0 -0.546696 
0.161107,0.322215
-0.000201276 0.845178 -0.0232639 -0.498562 
0.322215,0.483322
-0.00349092 0.875807 -0.11832 -0.400226 
0.483322,0.644429
-0.020021 0.97841 -0.330607 -0.253818 
0.644429,0.805537
-0.0685853 1.20449 -0.681429 -0.0723536 
0.805537,0.966644
-0.169036 1.57859 -1.14584 0.119821 
0.966644,1.12775
-0.326753 2.06807 -1.65221 0.294436 
1.12775,1.28886
-0.520545 2.58359 -2.10933 0.429548 
1.28886,1.44997
-0.703991 3.01058 -2.44063 0.515231 
1.44997,1.61107
-0.813473 3.2371 -2.59685 0.551145 
1.61107,1.77218
-0.763743 3.1445 -2.53937 0.539253 
1.77218,1.93329
-0.426922 2.57432 -2.21763 0.478736 
1.93329,2.0944
0.374383 1.33089 -1.57446 0.367842 
2.0944,2.2555
1.81577 -0.733755 -0.58867 0.210948 
2.2555,2.41661
3.95865 -3.58395 0.674993 0.0241953 
2.41661,2.57772
6.64509 -6.91892 2.05501 -0.166157 
2.57772,2.73882
9.49455 -10.2352 3.34152 -0.33252 
2.73882,2.89993
12.0258 -13.0078 4.35388 -0.45573 
2.89993,3.06104
13.8073 -14.8508 4.98939 -0.528779 
3.06104,3.22215
14.4912 -15.5211 5.20837 -0.552625 
3.22215,3.38325
13.6935 -14.7784 4.97786 -0.528779 
3.38325,3.54436
10.8646 -12.2699 4.23643 -0.45573 
3.54436,3.70547
5.37855 -7.62643 2.92633 -0.33252 
3.70547,3.86658
-3.08564 -0.773701 1.07697 -0.166157 
3.86658,4.02768
-14.0893 7.76383 -1.13106 0.0241953 
4.02768,4.18879
-26.2914 16.8525 -3.3876 0.210948 
4.18879,4.3499
-37.8225 25.111 -5.35919 0.367842 
4.3499,4.511
-46.9499 31.4059 -6.80633 0.478736 
4.511,4.67211
-52.505 35.1003 -7.6253 0.539253 
4.67211,4.83322
-53.7179 35.8791 -7.79199 0.551145 
4.83322,4.99433
-49.663 33.3622 -7.27124 0.515231 
4.99433,5.15543
-38.9891 26.9506 -5.98746 0.429548 
5.15543,5.31654
-20.4755 16.1773 -3.89777 0.294436 
5.31654,5.47765
5.76476 1.37059 -1.11274 0.119821 
5.47765,5.63876
37.3496 -15.9278 2.04526 -0.0723536 
5.63876,5.79986
69.8839 -33.2371 5.11496 -0.253818 
5.79986,5.96097
98.4479 -48.0119 7.6624 -0.400226 
5.96097,6.12208
119.277 -58.4945 9.42094 -0.498562 
6.12208,6.28319
130.321 -63.9066 10.305 -0.546696 
z(t) = 
0,0.161107
0.540302 0.0393823 0 1.07768 
0.161107,0.322215
0.546473 -0.075519 0.713197 -0.397938 
0.322215,0.483322
0.536156 0.0205406 0.415074 -0.089528 
0.483322,0.644429
0.555109 -0.0971047 0.658484 -0.257401 
0.644429,0.805537
0.562615 -0.132046 0.712705 -0.285447 
0.805537,0.966644
0.582147 -0.20479 0.80301 -0.322815 
0.966644,1.12775
0.572943 -0.176225 0.773459 -0.312625 
1.12775,1.28886
0.495774 0.0290571 0.591431 -0.258822 
1.28886,1.44997
0.285983 0.517375 0.212555 -0.160835 
1.44997,1.61107
-0.101357 1.31879 -0.340156 -0.0337718 
1.61107,1.77218
-0.659391 2.35791 -0.985145 0.0996772 
1.77218,1.93329
-1.29901 3.44067 -1.59612 0.214597 
1.93329,2.0944
-1.85653 4.30581 -2.04362 0.291753 
2.0944,2.2555
-2.14021 4.71216 -2.23763 0.322632 
2.2555,2.41661
-1.99816 4.52322 -2.15387 0.310253 
2.41661,2.57772
-1.37131 3.74504 -1.83186 0.265836 
2.57772,2.73882
-0.301784 2.5003 -1.34897 0.203393 
2.73882,2.89993
1.10947 0.954467 -0.784554 0.134699 
2.89993,3.06104
2.77428 -0.767787 -0.19066 0.066434 
3.06104,3.22215
4.67973 -2.63524 0.419411 1.98696e-14 
3.22215,3.38325
6.90215 -4.70443 1.06159 -0.066434 
3.38325,3.54436
9.5458 -7.04861 1.75447 -0.134699 
3.54436,3.70547
12.6044 -9.63749 2.48489 -0.203393 
3.70547,3.86658
15.7814 -12.2096 3.17904 -0.265836 
3.86658,4.02768
18.349 -14.2018 3.69425 -0.310253 
4.02768,4.18879
19.1579 -14.8042 3.84384 -0.322632 
4.18879,4.3499
16.8884 -13.1788 3.4558 -0.291753 
4.3499,4.511
10.5379 -8.79909 2.44894 -0.214597 
4.511,4.67211
-0.0112144 -1.78351 0.893726 -0.0996772 
4.67211,4.83322
-13.6211 6.95552 -0.976741 0.0337718 
4.83322,4.99433
-27.9671 15.8601 -2.81911 0.160835 
4.99433,5.15543
-40.1738 23.1925 -4.28726 0.258822 
5.15543,5.31654
-47.5461 27.4825 -5.11939 0.312625 
5.31654,5.47765
-49.0774 28.3466 -5.28191 0.322815 
5.47765,5.63876
-42.9357 24.9829 -4.66784 0.285447 
5.63876,5.79986
-37.9074 22.3077 -4.19341 0.257401 
5.79986,5.96097
-5.15576 5.36676 -1.27249 0.089528 
5.96097,6.12208
-70.4808 38.2432 -6.78777 0.397938 
6.12208,6.28319
268.106 -127.674 20.3137 -1.07768 
