x(t) = 
0,0.0395169
0.841471 -0.0157708 0 -7.37513 
0.0395169,0.0790338
0.84089 0.0283127 -1.11556 2.03486 
0.0790338,0.118551
0.842113 -0.0180896 -0.52844 -0.441381 
0.118551,0.158068
0.840933 0.0117616 -0.780242 0.266618 
0.158068,0.197584
0.841511 0.000803404 -0.710916 0.120423 
0.197584,0.237101
0.840883 0.0103334 -0.759148 0.201794 
0.237101,0.276618
0.840633 0.0134903 -0.772463 0.220512 
0.276618,0.316135
0.839926 0.0211668 -0.800214 0.253953 
0.316135,0.355652
0.839072 0.0292672 -0.825837 0.28097 
0.355652,0.395169
0.83791 0.0390664 -0.85339 0.306794 
0.395169,0.434686
0.836505 0.0497376 -0.880394 0.329572 
0.434686,0.474203
0.83488 0.0609463 -0.90618 0.349346 
0.474203,0.51372
0.833142 0.0719478 -0.92938 0.365654 
0.51372,0.553236
0.831442 0.0818725 -0.948699 0.378189 
0.553236,0.592753
0.830011 0.0896307 -0.962722 0.386639 
0.592753,0.63227
0.829157 0.0939531 -0.970014 0.390739 
0.63227,0.671787
0.829273 0.093402 -0.969143 0.39028 
0.671787,0.711304
0.830839 0.086409 -0.958733 0.385115 
0.711304,0.750821
0.834417 0.0713194 -0.937519 0.375173 
0.750821,0.790338
0.840641 0.0464515 -0.904398 0.360469 
0.790338,0.829855
0.8502 0.0101651 -0.858486 0.341105 
0.829855,0.869372
0.863817 -0.0390601 -0.799168 0.317278 
0.869372,0.908888
0.882213 -0.10254 -0.72615 0.289282 
0.908888,0.948405
0.906074 -0.181299 -0.639495 0.257502 
0.948405,0.987922
0.936007 -0.275984 -0.53966 0.222413 
0.987922,1.02744
0.972493 -0.38678 -0.42751 0.184572 
1.02744,1.06696
1.01584 -0.513337 -0.304332 0.14461 
1.06696,1.10647
1.06612 -0.654709 -0.171831 0.103214 
1.10647,1.14599
1.12314 -0.809309 -0.032108 0.0611215 
1.14599,1.18551
1.18638 -0.97488 0.11237 0.0190972 
1.18551,1.22502
1.25499 -1.14849 0.258815 -0.0220792 
1.22502,1.26454
1.3277 -1.32656 0.404173 -0.0616315 
1.26454,1.30406
1.40287 -1.50488 0.545193 -0.0988045 
1.30406,1.34357
1.47844 -1.67873 0.678505 -0.132881 
1.34357,1.38309
1.55197 -1.84291 0.8007 -0.163197 
1.38309,1.42261
1.62065 -1.9919 0.908423 -0.189159 
1.42261,1.46212
1.68139 -2.11998 0.998456 -0.210254 
1.46212,1.50164
1.73082 -2.22139 1.06781 -0.226067 
1.50164,1.54116
1.7654 -2.29049 1.11383 -0.236282 
1.54116,1.58068
1.78156 -2.32195 1.13424 -0.240696 
1.58068,1.62019
1.77574 -2.3109 1.12725 -0.239222 
1.62019,1.65971
1.74456 -2.25315 1.09161 -0.231889 
1.65971,1.69923
1.68491 -2.14534 1.02665 -0.218843 
1.69923,1.73874
1.59414 -1.98509 0.932345 -0.200343 
1.73874,1.77826
1.47016 -1.77117 0.80931 -0.176756 
1.77826,1.81778
1.31153 -1.50356 0.658825 -0.148548 
1.81778,1.85729
1.11767 -1.18362 0.482818 -0.116273 
1.85729,1.89681
0.888878 -0.814061 0.283839 -0.0805614 
1.89681,1.93633
0.626441 -0.398989 0.0650132 -0.0421063 
1.93633,1.97584
0.332698 0.0561137 -0.170021 -0.00164581 
1.97584,2.01536
0.0110554 0.544476 -0.417187 0.0400522 
2.01536,2.05488
-0.334019 1.05814 -0.672063 0.0822077 
2.05488,2.0944
-0.69704 1.58813 -0.92998 0.124046 
2.0944,2.13391
-1.07158 2.12462 -1.18614 0.164814 
2.13391,2.17343
-1.45039 2.65717 -1.4357 0.203798 
2.17343,2.21295
-1.82553 3.17498 -1.67395 0.240338 
2.21295,2.25246
-2.18856 3.66714 -1.89634 0.273837 
2.25246,2.29198
-2.53075 4.12288 -2.09868 0.303779 
2.29198,2.3315
-2.84324 4.53191 -2.27714 0.329733 
2.3315,2.37101
-3.11732 4.88457 -2.4284 0.351359 
2.37101,2.41053
-3.34462 5.17217 -2.5497 0.368412 
2.41053,2.45005
-3.51733 5.38711 -2.63886 0.380742 
2.45005,2.48956
-3.62836 5.52306 -2.69435 0.388292 
2.48956,2.52908
-3.67154 5.5751 -2.71525 0.39109 
2.52908,2.5686
-3.64172 5.53973 -2.70127 0.389247 
2.5686,2.60811
-3.53487 5.41493 -2.65268 0.382942 
2.60811,2.64763
-3.34809 5.20009 -2.57031 0.372414 
2.64763,2.68715
-3.07965 4.89592 -2.45542 0.35795 
2.68715,2.72667
-2.72888 4.50432 -2.30969 0.339873 
2.72667,2.76618
-2.29617 4.02823 -2.13509 0.318528 
2.76618,2.8057
-1.78279 3.47145 -1.93381 0.294272 
2.8057,2.84522
-1.19076 2.83843 -1.70819 0.267468 
2.84522,2.88473
-0.522775 2.1341 -1.46064 0.238466 
2.88473,2.92425
0.218021 1.3637 -1.19358 0.207607 
2.92425,2.96377
1.02809 0.532648 -0.909385 0.175212 
2.96377,3.00328
1.90362 -0.353587 -0.610362 0.141581 
3.00328,3.0428
2.84057 -1.28951 -0.298729 0.106993 
3.0428,3.08232
3.83465 -2.2696 0.0233742 0.0717069 
3.08232,3.12183
4.8813 -3.2883 0.353871 0.0359658 
3.12183,3.16135
5.97555 -4.33985 0.690709 2.0041e-13 
3.16135,3.20087
7.11189 -5.41819 1.03181 -0.0359658 
3.20087,3.24038
8.28401 -6.51676 1.37502 -0.0717069 
3.24038,3.2799
9.48459 -7.62827 1.71804 -0.106993 
3.2799,3.31942
10.705 -8.74454 2.05837 -0.141581 
3.31942,3.35894
11.9351 -9.85623 2.39328 -0.175212 
3.35894,3.39845
13.1627 -10.9527 2.71972 -0.207607 
3.39845,3.43797
14.374 -12.0219 3.03434 -0.238466 
3.43797,3.47749
15.5525 -13.0503 3.33346 -0.267468 
3.47749,3.517
16.6797 -14.0228 3.6131 -0.294272 
3.517,3.55652
17.7349 -14.9228 3.86901 -0.318528 
3.55652,3.59604
18.6951 -15.7328 4.09676 -0.339873 
3.59604,3.63555
19.5357 -16.4341 4.29178 -0.35795 
3.63555,3.67507
20.2308 -17.0076 4.44953 -0.372414 
3.67507,3.71459
20.7533 -17.4342 4.56561 -0.382942 
3.71459,3.7541
21.0765 -17.6952 4.63587 -0.389247 
3.7541,3.79362
21.174 -17.7731 4.65663 -0.39109 
3.79362,3.83314
21.0212 -17.6523 4.62478 -0.388292 
3.83314,3.87266
20.596 -17.3195 4.53796 -0.380742 
3.87266,3.91217
19.8799 -16.7648 4.39471 -0.368412 
3.91217,3.95169
18.8588 -15.9818 4.19457 -0.351359 
3.95169,3.99121
17.5243 -14.9686 3.93819 -0.329733 
3.99121,4.03072
15.8742 -13.7283 3.62743 -0.303779 
4.03072,4.07024
13.9134 -12.2689 3.26536 -0.273837 
4.07024,4.10976
11.6545 -10.604 2.85631 -0.240338 
4.10976,4.14927
9.11814 -8.75253 2.40581 -0.203798 
4.14927,4.18879
6.33327 -6.73902 1.92054 -0.164814 
4.18879,4.22831
3.33695 -4.59306 1.40823 -0.124046 
4.22831,4.26782
0.174142 -2.34904 0.877516 -0.0822077 
4.26782,4.30734
-3.10284 -0.0455383 0.337779 -0.0400522 
4.30734,4.34686
-6.43513 2.27535 -0.201044 0.00164581 
4.34686,4.38637
-9.75834 4.56888 -0.728671 0.0421063 
4.38637,4.42589
-13.0038 6.78854 -1.23471 0.0805614 
4.42589,4.46541
-16.0998 8.88713 -1.70887 0.116273 
4.46541,4.50493
-18.9736 10.8178 -2.14123 0.148548 
4.50493,4.54444
-21.5525 12.5352 -2.52246 0.176756 
4.54444,4.58396
-23.7662 13.9966 -2.84403 0.200343 
4.58396,4.62348
-25.5481 15.1628 -3.09844 0.218843 
4.62348,4.66299
-26.8375 15.9994 -3.2794 0.231889 
4.66299,4.70251
-27.581 16.4777 -3.38198 0.239222 
4.70251,4.74203
-27.7343 16.5755 -3.40277 0.240696 
4.74203,4.78154
-27.2635 16.2777 -3.33997 0.236282 
4.78154,4.82106
-26.1468 15.5771 -3.19344 0.226067 
4.82106,4.86058
-24.375 14.4745 -2.96474 0.210254 
4.86058,4.90009
-21.9525 12.9794 -2.65713 0.189159 
4.90009,4.93961
-18.898 11.1093 -2.27549 0.163197 
4.93961,4.97913
-15.2441 8.89015 -1.82624 0.132881 
4.97913,5.01864
-11.0377 6.35573 -1.31723 0.0988045 
5.01864,5.05816
-6.33893 3.54692 -0.757555 0.0616315 
5.05816,5.09768
-1.22034 0.511083 -0.157368 0.0220792 
5.09768,5.1372
4.23429 -2.69899 0.472344 -0.0190972 
5.1372,5.17671
9.93173 -6.02615 1.12001 -0.0611215 
5.17671,5.21623
15.7711 -9.4102 1.77371 -0.103214 
5.21623,5.25575
21.6463 -12.7892 2.42149 -0.14461 
5.25575,5.29526
27.448 -16.1008 3.05159 -0.184572 
5.29526,5.33478
33.0665 -19.2839 3.65272 -0.222413 
5.33478,5.3743
38.394 -22.2798 4.21429 -0.257502 
5.3743,5.41381
43.3271 -25.0336 4.72669 -0.289282 
5.41381,5.45333
47.7695 -27.4952 5.18139 -0.317278 
5.45333,5.49285
51.6336 -29.621 5.57119 -0.341105 
5.49285,5.53236
54.8427 -31.3737 5.89028 -0.360469 
5.53236,5.57188
57.3326 -32.7239 6.13433 -0.375173 
5.57188,5.6114
59.0523 -33.6498 6.30051 -0.385115 
5.6114,5.65092
59.9649 -34.1377 6.38746 -0.39028 
5.65092,5.69043
60.0478 -34.1817 6.39525 -0.390739 
5.69043,5.72995
59.2922 -33.7834 6.32525 -0.386639 
5.72995,5.76947
57.7027 -32.9511 6.18 -0.378189 
5.76947,5.80898
55.2953 -31.6993 5.96303 -0.365654 
5.80898,5.8485
52.0986 -30.0484 5.67883 -0.349346 
5.8485,5.88802
48.1429 -28.0194 5.3319 -0.329572 
5.88802,5.92753
43.4932 -25.6503 4.92954 -0.306794 
5.92753,5.96705
38.1149 -22.9282 4.47032 -0.28097 
5.96705,6.00657
32.3748 -20.0424 3.98668 -0.253953 
6.00657,6.04608
25.1278 -16.4228 3.38409 -0.220512 
6.04608,6.0856
20.9908 -14.3701 3.04457 -0.201794 
6.0856,6.12512
2.65166 -5.32949 1.559 -0.120423 
6.12512,6.16463
36.2468 -21.7839 4.24539 -0.266618 
6.16463,6.20415
-129.618 58.9337 -8.84828 0.441381 
6.20415,6.24367
461.726 -227.009 37.2407 -2.03486 
6.24367,6.28319
-1828.66 873.491 -139.018 7.37513 
y(t) = 
0,0.0395169
0 0.841471 0 -0.550403 
0.0395169,0.0790338
-1.76547e-07 0.841484 -0.000339169 -0.547542 
0.0790338,0.118551
-3.00836e-06 0.841592 -0.00169923 -0.541806 
0.118551,0.158068
-1.74008e-05 0.841956 -0.00477141 -0.533168 
0.158068,0.197584
-6.31169e-05 0.842824 -0.0102606 -0.521592 
0.197584,0.237101
-0.000175365 0.844528 -0.0188863 -0.50704 
0.237101,0.276618
-0.000409483 0.84749 -0.0313799 -0.489476 
0.276618,0.316135
-0.000845564 0.85222 -0.0484772 -0.468873 
0.316135,0.355652
-0.00159275 0.85931 -0.0709059 -0.445224 
0.355652,0.395169
-0.00279286 0.869433 -0.0993696 -0.418547 
0.395169,0.434686
-0.00462286 0.883326 -0.134526 -0.388892 
0.434686,0.474203
-0.00729584 0.901774 -0.176965 -0.356348 
0.474203,0.51372
-0.0110599 0.925587 -0.227182 -0.321049 
0.51372,0.553236
-0.0161946 0.955572 -0.285552 -0.283175 
0.553236,0.592753
-0.0230052 0.992504 -0.352307 -0.242954 
0.592753,0.63227
-0.0318134 1.03708 -0.427514 -0.200661 
0.63227,0.671787
-0.0429461 1.08991 -0.511058 -0.156617 
0.671787,0.711304
-0.0567221 1.15142 -0.602634 -0.111178 
0.711304,0.750821
-0.0734362 1.22192 -0.701739 -0.0647351 
0.750821,0.790338
-0.0933434 1.30146 -0.807678 -0.0177023 
0.790338,0.829855
-0.116642 1.3899 -0.919578 0.0294925 
0.829855,0.869372
-0.143459 1.48684 -1.0364 0.0764176 
0.869372,0.908888
-0.173836 1.59167 -1.15697 0.122647 
0.908888,0.948405
-0.207717 1.7035 -1.28002 0.167773 
0.948405,0.987922
-0.244943 1.82126 -1.40418 0.211412 
0.987922,1.02744
-0.28525 1.94365 -1.52807 0.253215 
1.02744,1.06696
-0.328263 2.06925 -1.65031 0.292873 
1.06696,1.10647
-0.373507 2.19646 -1.76954 0.330123 
1.10647,1.14599
-0.420412 2.32363 -1.88448 0.364748 
1.14599,1.18551
-0.46832 2.44905 -1.99392 0.39658 
1.18551,1.22502
-0.516501 2.57097 -2.09676 0.425498 
1.22502,1.26454
-0.564159 2.68768 -2.19203 0.451422 
1.26454,1.30406
-0.61044 2.79748 -2.27886 0.47431 
1.30406,1.34357
-0.654441 2.89871 -2.35649 0.494151 
1.34357,1.38309
-0.695208 2.98973 -2.42424 0.51096 
1.38309,1.42261
-0.731731 3.06895 -2.48151 0.524764 
1.42261,1.46212
-0.762933 3.13475 -2.52777 0.535601 
1.46212,1.50164
-0.787657 3.18548 -2.56246 0.543511 
1.50164,1.54116
-0.804639 3.21941 -2.58505 0.548526 
1.54116,1.58068
-0.812491 3.23469 -2.59497 0.550671 
1.58068,1.62019
-0.809668 3.22934 -2.59158 0.549957 
1.62019,1.65971
-0.794451 3.20116 -2.57419 0.546379 
1.65971,1.69923
-0.764922 3.14779 -2.54203 0.53992 
1.69923,1.73874
-0.718956 3.06663 -2.49427 0.530551 
1.73874,1.77826
-0.654215 2.95493 -2.43003 0.518235 
1.77826,1.81778
-0.568169 2.80976 -2.3484 0.502933 
1.81778,1.85729
-0.458117 2.62814 -2.24848 0.484611 
1.85729,1.89681
-0.321239 2.40705 -2.12944 0.463247 
1.89681,1.93633
-0.15466 2.14358 -1.99054 0.438838 
1.93633,1.97584
0.0444673 1.83507 -1.83122 0.41141 
1.97584,2.01536
0.278865 1.47918 -1.65109 0.381022 
2.01536,2.05488
0.551017 1.07406 -1.45008 0.347775 
2.05488,2.0944
0.863047 0.618515 -1.22839 0.311814 
2.0944,2.13391
1.2166 0.112086 -0.986586 0.27333 
2.13391,2.17343
1.61273 -0.444812 -0.725611 0.232563 
2.17343,2.21295
2.05176 -1.05081 -0.44679 0.189801 
2.21295,2.25246
2.53323 -1.70352 -0.151838 0.145373 
2.25246,2.29198
3.05581 -2.39953 0.15716 0.0996454 
2.29198,2.3315
3.61723 -3.13439 0.477784 0.0530156 
2.3315,2.37101
4.21434 -3.90271 0.80732 0.00590189 
2.37101,2.41053
4.84305 -4.6982 1.14283 -0.0412659 
2.41053,2.45005
5.49843 -5.51385 1.4812 -0.0880565 
2.45005,2.48956
6.17482 -6.34207 1.81924 -0.134048 
2.48956,2.52908
6.86592 -7.17486 2.15375 -0.178837 
2.52908,2.5686
7.56493 -8.00403 2.48161 -0.222048 
2.5686,2.60811
8.26473 -8.82136 2.79981 -0.263342 
2.60811,2.64763
8.95803 -9.61884 3.10558 -0.30242 
2.64763,2.68715
9.63755 -10.3888 3.39638 -0.339033 
2.68715,2.72667
10.2961 -11.124 3.66999 -0.372973 
2.72667,2.76618
10.9268 -11.818 3.9245 -0.404087 
2.76618,2.8057
11.5232 -12.4647 4.15831 -0.432262 
2.8057,2.84522
12.0791 -13.0591 4.37015 -0.457429 
2.84522,2.88473
12.5887 -13.5964 4.55901 -0.479556 
2.88473,2.92425
13.0467 -14.0728 4.72414 -0.498637 
2.92425,2.96377
13.4482 -14.4847 4.86498 -0.514691 
2.96377,3.00328
13.7882 -14.8288 4.98109 -0.52775 
3.00328,3.0428
14.0618 -15.1021 5.07211 -0.537852 
3.0428,3.08232
14.2642 -15.3017 5.13768 -0.545035 
3.08232,3.12183
14.39 -15.4241 5.17741 -0.549331 
3.12183,3.16135
14.4335 -15.4659 5.1908 -0.550761 
3.16135,3.20087
14.3883 -15.423 5.17724 -0.549331 
3.20087,3.24038
14.2474 -15.291 5.13599 -0.545035 
3.24038,3.2799
14.003 -15.0647 5.06616 -0.537852 
3.2799,3.31942
13.6466 -14.7387 4.96676 -0.52775 
3.31942,3.35894
13.1689 -14.307 4.83671 -0.514691 
3.35894,3.39845
12.5605 -13.7636 4.67494 -0.498637 
3.39845,3.43797
11.8116 -13.1025 4.4804 -0.479556 
3.43797,3.47749
10.9125 -12.3179 4.25219 -0.457429 
3.47749,3.517
9.85412 -11.4049 3.98963 -0.432262 
3.517,3.55652
8.62843 -10.3594 3.69236 -0.404087 
3.55652,3.59604
7.22876 -9.17872 3.36039 -0.372973 
3.59604,3.63555
5.65044 -7.862 2.99423 -0.339033 
3.63555,3.67507
3.89115 -6.41027 2.59492 -0.30242 
3.67507,3.71459
1.95143 -4.82685 2.16406 -0.263342 
3.71459,3.7541
-0.165066 -3.11751 1.70389 -0.222048 
3.7541,3.79362
-2.45127 -1.29055 1.21724 -0.178837 
3.79362,3.83314
-4.89656 0.643188 0.707502 -0.134048 
3.83314,3.87266
-7.48679 2.67043 0.178629 -0.0880565 
3.87266,3.91217
-10.2044 4.77565 -0.364983 -0.0412659 
3.91217,3.95169
-13.0286 6.94137 -0.918568 0.00590189 
3.95169,3.99121
-15.936 9.14854 -1.4771 0.0530156 
3.99121,4.03072
-18.9006 11.3769 -2.03543 0.0996454 
4.03072,4.07024
-21.8951 13.6057 -2.58838 0.145373 
4.07024,4.10976
-24.891 15.8138 -3.13088 0.189801 
4.10976,4.14927
-27.8593 17.9806 -3.6581 0.232563 
4.14927,4.18879
-30.7714 20.0861 -4.16555 0.27333 
4.18879,4.22831
-33.5999 22.1118 -4.64916 0.311814 
4.22831,4.26782
-36.3184 24.0407 -5.10533 0.347775 
4.26782,4.30734
-38.9029 25.8574 -5.531 0.381022 
4.30734,4.34686
-41.3313 27.5487 -5.92367 0.41141 
4.34686,4.38637
-43.5841 29.1035 -6.28135 0.438838 
4.38637,4.42589
-45.6441 30.5124 -6.60255 0.463247 
4.42589,4.46541
-47.4963 31.7679 -6.88622 0.484611 
4.46541,4.50493
-49.1277 32.8639 -7.13167 0.502933 
4.50493,4.54444
-50.5267 33.7956 -7.33847 0.518235 
4.54444,4.58396
-51.6826 34.5586 -7.50638 0.530551 
4.58396,4.62348
-52.585 35.1492 -7.63522 0.53992 
4.62348,4.66299
-53.2233 35.5634 -7.7248 0.546379 
4.66299,4.70251
-53.5861 35.7968 -7.77485 0.549957 
4.70251,4.74203
-53.6604 35.8442 -7.78494 0.550671 
4.74203,4.78154
-53.4317 35.6995 -7.75442 0.548526 
4.78154,4.82106
-52.8834 35.3555 -7.68248 0.543511 
4.82106,4.86058
-51.9971 34.804 -7.56808 0.535601 
4.86058,4.90009
-50.7526 34.0359 -7.41005 0.524764 
4.90009,4.93961
-49.1285 33.0415 -7.20713 0.51096 
4.93961,4.97913
-47.1026 31.8112 -6.95805 0.494151 
4.97913,5.01864
-44.6534 30.3354 -6.66166 0.47431 
5.01864,5.05816
-41.7603 28.606 -6.31707 0.451422 
5.05816,5.09768
-38.4054 26.6162 -5.92369 0.425498 
5.09768,5.1372
-34.5747 24.3619 -5.48145 0.39658 
5.1372,5.17671
-30.259 21.8416 -4.99086 0.364748 
5.17671,5.21623
-25.4555 19.0579 -4.45312 0.330123 
5.21623,5.25575
-20.1687 16.0173 -3.87021 0.292873 
5.25575,5.29526
-14.4112 12.7309 -3.24491 0.253215 
5.29526,5.33478
-8.2044 9.21446 -2.58084 0.211412 
5.33478,5.3743
-1.57884 5.4886 -1.88243 0.167773 
5.3743,5.41381
5.42587 1.57848 -1.15488 0.122647 
5.41381,5.45333
12.7614 -2.48642 -0.404036 0.0764176 
5.45333,5.49285
20.3715 -6.6729 0.363657 0.0294925 
5.49285,5.53236
28.1929 -10.9447 1.14136 -0.0177023 
5.53236,5.57188
36.157 -15.2633 1.92197 -0.0647351 
5.57188,5.6114
44.1908 -19.5889 2.69829 -0.111178 
5.6114,5.65092
52.2194 -23.8812 3.46321 -0.156617 
5.65092,5.69043
60.1673 -28.1006 4.20989 -0.200661 
5.69043,5.72995
67.9602 -32.209 4.93188 -0.242954 
5.72995,5.76947
75.5268 -36.1706 5.62327 -0.283175 
5.76947,5.80898
82.8004 -39.9528 6.27881 -0.321049 
5.80898,5.8485
89.7197 -43.5262 6.89396 -0.356348 
5.8485,5.88802
96.2301 -46.8657 7.46496 -0.388892 
5.88802,5.92753
102.284 -49.95 7.98879 -0.418547 
5.92753,5.96705
107.84 -52.762 8.46319 -0.445224 
5.96705,6.00657
112.864 -55.2881 8.88653 -0.468873 
6.00657,6.04608
117.329 -57.5181 9.25779 -0.489476 
6.04608,6.0856
121.211 -59.4443 9.57637 -0.50704 
6.0856,6.12512
124.491 -61.061 9.84205 -0.521592 
6.12512,6.16463
127.151 -62.3639 10.0548 -0.533168 
6.16463,6.20415
129.174 -63.3487 10.2145 -0.541806 
6.20415,6.24367
130.544 -64.0111 10.3213 -0.547542 
6.24367,6.28319
131.241 -64.3457 10.3749 -0.550403 
z(t) = 
0,0.0395169
0.540302 0.00960277 0 4.49355 
0.0395169,0.0790338
0.540656 -0.0172133 0.678597 -1.23056 
0.0790338,0.118551
0.539909 0.0111413 0.319832 0.282568 
0.118551,0.158068
0.540619 -0.00682782 0.471405 -0.143616 
0.158068,0.197584
0.54025 0.000167152 0.427152 -0.0502946 
0.197584,0.237101
0.540605 -0.00522399 0.454437 -0.096326 
0.237101,0.276618
0.540723 -0.00671594 0.46073 -0.105172 
0.276618,0.316135
0.541124 -0.0110655 0.476454 -0.12412 
0.316135,0.355652
0.54164 -0.0159649 0.491952 -0.140461 
0.355652,0.395169
0.542409 -0.0224451 0.510172 -0.157538 
0.395169,0.434686
0.543447 -0.0303293 0.530124 -0.174368 
0.434686,0.474203
0.544821 -0.0398134 0.551942 -0.191099 
0.474203,0.51372
0.546576 -0.0509119 0.575346 -0.207551 
0.51372,0.553236
0.548752 -0.0636221 0.600088 -0.223605 
0.553236,0.592753
0.551376 -0.0778507 0.625807 -0.239101 
0.592753,0.63227
0.554451 -0.0934155 0.652065 -0.253867 
0.63227,0.671787
0.557952 -0.110024 0.678333 -0.267716 
0.671787,0.711304
0.561812 -0.12726 0.703991 -0.280447 
0.711304,0.750821
0.565916 -0.144571 0.728328 -0.291851 
0.750821,0.790338
0.570092 -0.161258 0.750552 -0.301718 
0.790338,0.829855
0.574099 -0.176467 0.769796 -0.309834 
0.829855,0.869372
0.577619 -0.189191 0.785128 -0.315993 
0.869372,0.908888
0.58025 -0.198272 0.795575 -0.319998 
0.908888,0.948405
0.581505 -0.202414 0.800132 -0.32167 
0.948405,0.987922
0.580803 -0.200194 0.797791 -0.320847 
0.987922,1.02744
0.577477 -0.190093 0.787567 -0.317397 
1.02744,1.06696
0.570774 -0.170522 0.768518 -0.311217 
1.06696,1.10647
0.55987 -0.139862 0.739782 -0.30224 
1.10647,1.14599
0.543879 -0.0965063 0.700598 -0.290435 
1.14599,1.18551
0.521878 -0.0389108 0.65034 -0.275817 
1.18551,1.22502
0.492926 0.0343545 0.588539 -0.25844 
1.22502,1.26454
0.456096 0.12455 0.514912 -0.238406 
1.26454,1.30406
0.410504 0.23271 0.429379 -0.215859 
1.30406,1.34357
0.355351 0.359591 0.332082 -0.190989 
1.34357,1.38309
0.289952 0.505617 0.223397 -0.164025 
1.38309,1.42261
0.21378 0.670839 0.103938 -0.135234 
1.42261,1.46212
0.126501 0.854894 -0.0254401 -0.10492 
1.46212,1.50164
0.0280109 1.05698 -0.163651 -0.0734103 
1.50164,1.54116
-0.0815322 1.27582 -0.30939 -0.0410595 
1.54116,1.58068
-0.201684 1.50971 -0.46115 -0.00823566 
1.58068,1.62019
-0.331693 1.75646 -0.617252 0.0246832 
1.62019,1.65971
-0.470488 2.01345 -0.775873 0.0573174 
1.65971,1.69923
-0.616675 2.27769 -0.935082 0.0892927 
1.69923,1.73874
-0.768549 2.54583 -1.09288 0.120247 
1.73874,1.77826
-0.924103 2.81422 -1.24724 0.14984 
1.77826,1.81778
-1.08106 3.07902 -1.39615 0.177752 
1.81778,1.85729
-1.23692 3.33624 -1.53765 0.203701 
1.85729,1.89681
-1.38899 3.58186 -1.6699 0.227436 
1.89681,1.93633
-1.53443 3.81189 -1.79117 0.248747 
1.93633,1.97584
-1.67034 4.02247 -1.89992 0.267468 
1.97584,2.01536
-1.79382 4.20994 -1.9948 0.283475 
2.01536,2.05488
-1.902 4.37098 -2.07471 0.296691 
2.05488,2.0944
-1.99215 4.50259 -2.13876 0.307081 
2.0944,2.13391
-2.06172 4.60224 -2.18634 0.314654 
2.13391,2.17343
-2.1084 4.66787 -2.21709 0.319458 
2.17343,2.21295
-2.13018 4.69793 -2.23093 0.321579 
2.21295,2.25246
-2.12538 4.69143 -2.22799 0.321136 
2.25246,2.29198
-2.0927 4.6479 -2.20866 0.318277 
2.29198,2.3315
-2.03123 4.56744 -2.17356 0.313171 
2.3315,2.37101
-1.94045 4.45063 -2.12345 0.306008 
2.37101,2.41053
-1.82025 4.29855 -2.05931 0.29699 
2.41053,2.45005
-1.6709 4.11268 -1.98221 0.286328 
2.45005,2.48956
-1.49303 3.89488 -1.89331 0.274234 
2.48956,2.52908
-1.28757 3.6473 -1.79386 0.260918 
2.52908,2.5686
-1.05573 3.37229 -1.68512 0.246587 
2.5686,2.60811
-0.798925 3.07235 -1.56835 0.231433 
2.60811,2.64763
-0.5187 2.75002 -1.44476 0.215638 
2.64763,2.68715
-0.216692 2.40782 -1.31552 0.199365 
2.68715,2.72667
0.105465 2.04815 -1.18167 0.182762 
2.72667,2.76618
0.446202 1.67326 -1.04418 0.165954 
2.76618,2.8057
0.804084 1.28513 -0.903864 0.149046 
2.8057,2.84522
1.17788 0.88545 -0.761412 0.132121 
2.84522,2.88473
1.56659 0.475586 -0.617359 0.115245 
2.88473,2.92425
1.96955 0.0565237 -0.47209 0.0984587 
2.92425,2.96377
2.38641 -0.371133 -0.325845 0.0817884 
2.96377,3.00328
2.81718 -0.807166 -0.178723 0.0652417 
3.00328,3.0428
3.26223 -1.25173 -0.030697 0.0488123 
3.0428,3.08232
3.7223 -1.70533 0.118375 0.0324818 
3.08232,3.12183
4.19844 -2.16876 0.268725 0.0162223 
3.12183,3.16135
4.692 -2.64306 0.420655 -1.01095e-12 
3.16135,3.20087
5.20455 -3.12944 0.574509 -0.0162223 
3.20087,3.24038
5.73777 -3.6292 0.730642 -0.0324818 
3.24038,3.2799
6.29341 -4.14362 0.889394 -0.0488123 
3.2799,3.31942
6.87311 -4.67385 1.05105 -0.0652417 
3.31942,3.35894
7.47831 -5.22081 1.21583 -0.0817884 
3.35894,3.39845
8.11006 -5.78506 1.38381 -0.0984587 
3.39845,3.43797
8.76892 -6.36666 1.55495 -0.115245 
3.43797,3.47749
9.45471 -6.96509 1.72902 -0.132121 
3.47749,3.517
10.1664 -7.57908 1.90558 -0.149046 
3.517,3.55652
10.902 -8.20651 2.08398 -0.165954 
3.55652,3.59604
11.6581 -8.84432 2.26331 -0.182762 
3.59604,3.63555
12.4302 -9.48844 2.44243 -0.199365 
3.63555,3.67507
13.2121 -10.1337 2.61991 -0.215638 
3.67507,3.71459
13.9961 -10.7737 2.79405 -0.231433 
3.71459,3.7541
14.7728 -11.4009 2.96292 -0.246587 
3.7541,3.79362
15.5311 -12.0069 3.12433 -0.260918 
3.79362,3.83314
16.2581 -12.5818 3.27587 -0.274234 
3.83314,3.87266
16.9392 -13.1149 3.41495 -0.286328 
3.87266,3.91217
17.5585 -13.5946 3.53883 -0.29699 
3.91217,3.95169
18.0984 -14.0087 3.64466 -0.306008 
3.95169,3.99121
18.5404 -14.3442 3.72958 -0.313171 
3.99121,4.03072
18.8651 -14.5882 3.79071 -0.318277 
4.03072,4.07024
19.0523 -14.7276 3.82529 -0.321136 
4.07024,4.10976
19.0822 -14.7496 3.8307 -0.321579 
4.10976,4.14927
18.9349 -14.6421 3.80454 -0.319458 
4.14927,4.18879
18.5917 -14.394 3.74474 -0.314654 
4.18879,4.22831
18.0352 -13.9954 3.64958 -0.307081 
4.22831,4.26782
17.2497 -13.4381 3.51779 -0.296691 
4.26782,4.30734
16.2224 -12.716 3.34858 -0.283475 
4.30734,4.34686
14.9432 -11.825 3.14173 -0.267468 
4.34686,4.38637
13.4055 -10.7638 2.8976 -0.248747 
4.38637,4.42589
11.607 -9.53367 2.61716 -0.227436 
4.42589,4.46541
9.54925 -8.13889 2.30202 -0.203701 
4.46541,4.50493
7.2388 -6.58667 1.95441 -0.177752 
4.50493,4.54444
4.68688 -4.88724 1.57717 -0.14984 
4.54444,4.58396
1.90961 -3.05384 1.17373 -0.120247 
4.58396,4.62348
-1.07199 -1.10251 0.748045 -0.0892927 
4.62348,4.66299
-4.23224 0.948055 0.304534 -0.0573174 
4.66299,4.70251
-7.54101 3.0768 -0.151985 -0.0246832 
4.70251,4.74203
-10.9642 5.26066 -0.616388 0.00823566 
4.74203,4.78154
-14.4643 7.47497 -1.08334 0.0410595 
4.78154,4.82106
-18.001 9.6939 -1.5474 0.0734103 
4.82106,4.86058
-21.5317 11.891 -2.00313 0.10492 
4.86058,4.90009
-25.0128 14.0395 -2.44517 0.135234 
4.90009,4.93961
-28.4001 16.1134 -2.86839 0.164025 
4.93961,4.97913
-31.65 18.0871 -3.26797 0.190989 
4.97913,5.01864
-34.72 19.9369 -3.63947 0.215859 
5.01864,5.05816
-37.57 21.6405 -3.97893 0.238406 
5.05816,5.09768
-40.1627 23.1782 -4.28294 0.25844 
5.09768,5.1372
-42.4646 24.5329 -4.54868 0.275817 
5.1372,5.17671
-44.4465 25.6903 -4.77398 0.290435 
5.17671,5.21623
-46.0841 26.6393 -4.9573 0.30224 
5.21623,5.25575
-47.3583 27.3721 -5.09779 0.311217 
5.25575,5.29526
-48.2555 27.8843 -5.19523 0.317397 
5.29526,5.33478
-48.7677 28.1745 -5.25003 0.320847 
5.33478,5.3743
-48.8926 28.2447 -5.2632 0.32167 
5.3743,5.41381
-48.6332 28.0999 -5.23625 0.319998 
5.41381,5.45333
-47.9976 27.7477 -5.1712 0.315993 
5.45333,5.49285
-46.9988 27.1982 -5.07044 0.309834 
5.49285,5.53236
-45.6537 26.4636 -4.9367 0.301718 
5.53236,5.57188
-43.983 25.5576 -4.77294 0.291851 
5.57188,5.6114
-42.0102 24.4954 -4.5823 0.280447 
5.6114,5.65092
-39.7607 23.2928 -4.36799 0.267716 
5.65092,5.69043
-37.2618 21.9661 -4.13322 0.253867 
5.69043,5.72995
-34.5409 20.5317 -3.88114 0.239101 
5.72995,5.76947
-31.6257 19.0054 -3.61476 0.223605 
5.76947,5.80898
-28.5426 17.4022 -3.33689 0.207551 
5.80898,5.8485
-25.3177 15.7368 -3.05019 0.191099 
5.8485,5.88802
-21.9707 14.0199 -2.75663 0.174368 
5.88802,5.92753
-18.5353 12.2695 -2.45936 0.157538 
5.92753,5.96705
-14.9787 10.4695 -2.15568 0.140461 
5.96705,6.00657
-11.5068 8.724 -1.86316 0.12412 
6.00657,6.04608
-7.40062 6.67313 -1.52172 0.105172 
6.04608,6.0856
-5.44544 5.70299 -1.36127 0.096326 
6.0856,6.12512
4.92899 0.588741 -0.52088 0.0502946 
6.12512,6.16463
-16.5158 11.0921 -2.23569 0.143616 
6.16463,6.20415
83.3275 -37.4963 5.64612 -0.282568 
6.20415,6.24367
-278.018 137.231 -22.5169 1.23056 
6.24367,6.28319
1115.23 -532.204 84.7014 -4.49355 
