n = 5
-1 0.203516
-0.95 0.0394981
-0.9 -0.0678385
-0.85 -0.126116
-0.8 -0.142543
-0.75 -0.123919
-0.7 -0.0766273
-0.65 -0.00664309
-0.6 0.0804724
-0.55 0.179569
-0.5 0.28591
-0.45 0.39517
-0.4 0.503433
-0.35 0.607199
-0.3 0.703378
-0.25 0.789292
-0.2 0.862675
-0.15 0.921673
-0.1 0.964845
-0.05 0.99116
3.19189e-16 1
0.05 0.99116
0.1 0.964845
0.15 0.921673
0.2 0.862675
0.25 0.789292
0.3 0.703378
0.35 0.607199
0.4 0.503433
0.45 0.39517
0.5 0.28591
0.55 0.179569
0.6 0.0804724
0.65 -0.00664309
0.7 -0.0766273
0.75 -0.123919
0.8 -0.142543
0.85 -0.126116
0.9 -0.0678385
0.95 0.0394981
====
n = 10
-1 0.0488146
-0.95 0.0310229
-0.9 0.0445159
-0.85 0.0629336
-0.8 0.0744754
-0.75 0.0768699
-0.7 0.0734434
-0.65 0.0701448
-0.6 0.0733918
-0.55 0.0886128
-0.5 0.119367
-0.45 0.166934
-0.4 0.230274
-0.35 0.306267
-0.3 0.390146
-0.25 0.476055
-0.2 0.557665
-0.15 0.628791
-0.1 0.683953
-0.05 0.718871
3.19189e-16 0.730822
0.05 0.718871
0.1 0.683953
0.15 0.628791
0.2 0.557665
0.25 0.476055
0.3 0.390146
0.35 0.306267
0.4 0.230274
0.45 0.166934
0.5 0.119367
0.55 0.0886128
0.6 0.0733918
0.65 0.0701448
0.7 0.0734434
0.75 0.0768699
0.8 0.0744754
0.85 0.0629336
0.9 0.0445159
0.95 0.0310229
====
n = 15
-1 0.0188822
-0.95 0.0413937
-0.9 0.0279571
-0.85 0.0627024
-0.8 0.0821608
-0.75 0.0702922
-0.7 0.0538264
-0.65 0.0599296
-0.6 0.093104
-0.55 0.137585
-0.5 0.173039
-0.45 0.189816
-0.4 0.195512
-0.35 0.211271
-0.3 0.261175
-0.25 0.360242
-0.2 0.506156
-0.15 0.677761
-0.1 0.84063
-0.05 0.957511
3.19189e-16 1
0.05 0.957511
0.1 0.84063
0.15 0.677761
0.2 0.506156
0.25 0.360242
0.3 0.261175
0.35 0.211271
0.4 0.195512
0.45 0.189816
0.5 0.173039
0.55 0.137585
0.6 0.093104
0.65 0.0599296
0.7 0.0538264
0.75 0.0702922
0.8 0.0821608
0.85 0.0627024
0.9 0.0279571
0.95 0.0413937
====
n = 20
-1 0.0370158
-0.95 0.0408487
-0.9 0.0486852
-0.85 0.0522609
-0.8 0.0567135
-0.75 0.0671692
-0.7 0.0782521
-0.65 0.0865337
-0.6 0.0964129
-0.55 0.114126
-0.5 0.140523
-0.45 0.171124
-0.4 0.202763
-0.35 0.240175
-0.3 0.296333
-0.25 0.385335
-0.2 0.511895
-0.15 0.663854
-0.1 0.812606
-0.05 0.922073
3.19189e-16 0.96241
0.05 0.922073
0.1 0.812606
0.15 0.663854
0.2 0.511895
0.25 0.385335
0.3 0.296333
0.35 0.240175
0.4 0.202763
0.45 0.171124
0.5 0.140523
0.55 0.114126
0.6 0.0964129
0.65 0.0865337
0.7 0.0782521
0.75 0.0671692
0.8 0.0567135
0.85 0.0522609
0.9 0.0486852
0.95 0.0408487
====
