n = 2
-5 0.0384615
-4.9 0.0765385
-4.8 0.113846
-4.7 0.150385
-4.6 0.186154
-4.5 0.221154
-4.4 0.255385
-4.3 0.288846
-4.2 0.321538
-4.1 0.353462
-4 0.384615
-3.9 0.415
-3.8 0.444615
-3.7 0.473462
-3.6 0.501538
-3.5 0.528846
-3.4 0.555385
-3.3 0.581154
-3.2 0.606154
-3.1 0.630385
-3 0.653846
-2.9 0.676538
-2.8 0.698462
-2.7 0.719615
-2.6 0.74
-2.5 0.759615
-2.4 0.778462
-2.3 0.796538
-2.2 0.813846
-2.1 0.830385
-2 0.846154
-1.9 0.861154
-1.8 0.875385
-1.7 0.888846
-1.6 0.901538
-1.5 0.913462
-1.4 0.924615
-1.3 0.935
-1.2 0.944615
-1.1 0.953462
-1 0.961538
-0.9 0.968846
-0.8 0.975385
-0.7 0.981154
-0.6 0.986154
-0.5 0.990385
-0.4 0.993846
-0.3 0.996538
-0.2 0.998462
-0.1 0.999615
-1.02696e-015 1
0.1 0.999615
0.2 0.998462
0.3 0.996538
0.4 0.993846
0.5 0.990385
0.6 0.986154
0.7 0.981154
0.8 0.975385
0.9 0.968846
1 0.961538
1.1 0.953462
1.2 0.944615
1.3 0.935
1.4 0.924615
1.5 0.913462
1.6 0.901538
1.7 0.888846
1.8 0.875385
1.9 0.861154
2 0.846154
2.1 0.830385
2.2 0.813846
2.3 0.796538
2.4 0.778462
2.5 0.759615
2.6 0.74
2.7 0.719615
2.8 0.698462
2.9 0.676538
3 0.653846
3.1 0.630385
3.2 0.606154
3.3 0.581154
3.4 0.555385
3.5 0.528846
3.6 0.501538
3.7 0.473462
3.8 0.444615
3.9 0.415
4 0.384615
4.1 0.353462
4.2 0.321538
4.3 0.288846
4.4 0.255385
4.5 0.221154
4.6 0.186154
4.7 0.150385
4.8 0.113846
4.9 0.0765385
5 0.0384615
====
n = 4
-5 0.0384615
-4.9 -0.0495618
-4.8 -0.125721
-4.7 -0.190633
-4.6 -0.244904
-4.5 -0.289125
-4.4 -0.323875
-4.3 -0.349721
-4.2 -0.367217
-4.1 -0.376904
-4 -0.37931
-3.9 -0.374952
-3.8 -0.364331
-3.7 -0.347938
-3.6 -0.326251
-3.5 -0.299735
-3.4 -0.26884
-3.3 -0.234007
-3.2 -0.195663
-3.1 -0.15422
-3 -0.11008
-2.9 -0.0636308
-2.8 -0.0152488
-2.7 0.0347034
-2.6 0.0858759
-2.5 0.137931
-2.4 0.190544
-2.3 0.243404
-2.2 0.29621
-2.1 0.348677
-2 0.400531
-1.9 0.45151
-1.8 0.501367
-1.7 0.549865
-1.6 0.596783
-1.5 0.64191
-1.4 0.685048
-1.3 0.726014
-1.2 0.764634
-1.1 0.800751
-1 0.834218
-0.9 0.8649
-0.8 0.892677
-0.7 0.917441
-0.6 0.939096
-0.5 0.95756
-0.4 0.972762
-0.3 0.984645
-0.2 0.993165
-0.1 0.99829
-1.02696e-015 1
0.1 0.99829
0.2 0.993165
0.3 0.984645
0.4 0.972762
0.5 0.95756
0.6 0.939096
0.7 0.917441
0.8 0.892677
0.9 0.8649
1 0.834218
1.1 0.800751
1.2 0.764634
1.3 0.726014
1.4 0.685048
1.5 0.64191
1.6 0.596783
1.7 0.549865
1.8 0.501367
1.9 0.45151
2 0.400531
2.1 0.348677
2.2 0.29621
2.3 0.243404
2.4 0.190544
2.5 0.137931
2.6 0.0858759
2.7 0.0347034
2.8 -0.0152488
2.9 -0.0636308
3 -0.11008
3.1 -0.15422
3.2 -0.195663
3.3 -0.234007
3.4 -0.26884
3.5 -0.299735
3.6 -0.326251
3.7 -0.347938
3.8 -0.364331
3.9 -0.374952
4 -0.37931
4.1 -0.376904
4.2 -0.367217
4.3 -0.349721
4.4 -0.323875
4.5 -0.289125
4.6 -0.244904
4.7 -0.190633
4.8 -0.125721
4.9 -0.0495618
5 0.0384615
====
n = 6
-5 0.0384615
-4.9 0.258794
-4.8 0.423276
-4.7 0.539514
-4.6 0.614503
-4.5 0.654644
-4.4 0.665784
-4.3 0.653231
-4.2 0.621794
-4.1 0.575798
-4 0.519117
-3.9 0.455195
-3.8 0.387075
-3.7 0.317416
-3.6 0.248524
-3.5 0.18237
-3.4 0.120612
-3.3 0.064618
-3.2 0.0154882
-3.1 -0.025928
-3 -0.0590103
-2.9 -0.0833488
-2.8 -0.0987256
-2.7 -0.105097
-2.6 -0.102576
-2.5 -0.0914157
-2.4 -0.0719942
-2.3 -0.0447976
-2.2 -0.0104062
-2.1 0.0305201
-2 0.0772552
-1.9 0.12902
-1.8 0.184994
-1.7 0.24433
-1.6 0.30616
-1.5 0.369612
-1.4 0.433814
-1.3 0.497908
-1.2 0.561058
-1.1 0.622455
-1 0.681328
-0.9 0.736949
-0.8 0.788642
-0.7 0.835784
-0.6 0.877816
-0.5 0.914242
-0.4 0.944637
-0.3 0.968648
-0.2 0.985999
-0.1 0.99649
-1.02696e-015 1
0.1 0.99649
0.2 0.985999
0.3 0.968648
0.4 0.944637
0.5 0.914242
0.6 0.877816
0.7 0.835784
0.8 0.788642
0.9 0.736949
1 0.681328
1.1 0.622455
1.2 0.561058
1.3 0.497908
1.4 0.433814
1.5 0.369612
1.6 0.30616
1.7 0.24433
1.8 0.184994
1.9 0.12902
2 0.0772552
2.1 0.0305201
2.2 -0.0104062
2.3 -0.0447976
2.4 -0.0719942
2.5 -0.0914157
2.6 -0.102576
2.7 -0.105097
2.8 -0.0987256
2.9 -0.0833488
3 -0.0590103
3.1 -0.025928
3.2 0.0154882
3.3 0.064618
3.4 0.120612
3.5 0.18237
3.6 0.248524
3.7 0.317416
3.8 0.387075
3.9 0.455195
4 0.519117
4.1 0.575798
4.2 0.621794
4.3 0.653231
4.4 0.665784
4.5 0.654644
4.6 0.614503
4.7 0.539514
4.8 0.423276
4.9 0.258794
5 0.0384615
====
n = 8
-5 0.0384615
-4.9 -0.47806
-4.8 -0.79424
-4.7 -0.955458
-4.6 -1.00005
-4.5 -0.960063
-4.4 -0.861986
-4.3 -0.727385
-4.2 -0.573514
-4.1 -0.413871
-4 -0.258703
-3.9 -0.115472
-3.8 0.0107233
-3.7 0.116764
-3.6 0.201167
-3.5 0.263777
-3.4 0.305486
-3.3 0.32799
-3.2 0.333572
-3.1 0.324914
-3 0.304934
-2.9 0.276645
-2.8 0.243037
-2.7 0.206978
-2.6 0.17114
-2.5 0.137931
-2.4 0.109452
-2.3 0.0874618
-2.2 0.0733603
-2.1 0.0681762
-2 0.0725705
-1.9 0.0868451
-1.8 0.110961
-1.7 0.14456
-1.6 0.186997
-1.5 0.237372
-1.4 0.294562
-1.3 0.357268
-1.2 0.42405
-1.1 0.493367
-1 0.563623
-0.9 0.633205
-0.8 0.700518
-0.7 0.764029
-0.6 0.822297
-0.5 0.874004
-0.4 0.917987
-0.3 0.95326
-0.2 0.979032
-0.1 0.994729
-1.02696e-015 1
0.1 0.994729
0.2 0.979032
0.3 0.95326
0.4 0.917987
0.5 0.874004
0.6 0.822297
0.7 0.764029
0.8 0.700518
0.9 0.633205
1 0.563623
1.1 0.493367
1.2 0.42405
1.3 0.357268
1.4 0.294562
1.5 0.237372
1.6 0.186997
1.7 0.14456
1.8 0.110961
1.9 0.0868451
2 0.0725705
2.1 0.0681762
2.2 0.0733603
2.3 0.0874618
2.4 0.109452
2.5 0.137931
2.6 0.17114
2.7 0.206978
2.8 0.243037
2.9 0.276645
3 0.304934
3.1 0.324914
3.2 0.333572
3.3 0.32799
3.4 0.305486
3.5 0.263777
3.6 0.201167
3.7 0.116764
3.8 0.0107233
3.9 -0.115472
4 -0.258703
4.1 -0.413871
4.2 -0.573514
4.3 -0.727385
4.4 -0.861986
4.5 -0.960063
4.6 -1.00005
4.7 -0.955458
4.8 -0.79424
4.9 -0.47806
5 0.0384615
====
