CheckPoint 1
-1,-0.894737
0.12516 0.0866982 
-0.894737,-0.789474
0.155705 0.120837 
-0.789474,-0.684211
0.198386 0.174899 
-0.684211,-0.578947
0.260052 0.265028 
-0.578947,-0.473684
0.352376 0.424496 
-0.473684,-0.368421
0.494728 0.725015 
-0.368421,-0.263158
0.712399 1.31584 
-0.263158,-0.157895
0.990914 2.37419 
-0.157895,-0.0526316
1.09483 3.03233 
-0.0526316,0.0526316
0.935233 4.21885e-15 
0.0526316,0.157895
1.09483 -3.03233 
0.157895,0.263158
0.990914 -2.37419 
0.263158,0.368421
0.712399 -1.31584 
0.368421,0.473684
0.494728 -0.725015 
0.473684,0.578947
0.352376 -0.424496 
0.578947,0.684211
0.260052 -0.265028 
0.684211,0.789474
0.198386 -0.174899 
0.789474,0.894737
0.155705 -0.120837 
0.894737,1
0.12516 -0.0866982 
===
-1,-0.894737
0.12516 0.0866982 
-0.894737,-0.789474
0.155705 0.120837 
-0.789474,-0.684211
0.198386 0.174899 
-0.684211,-0.578947
0.260052 0.265028 
-0.578947,-0.473684
0.352376 0.424496 
-0.473684,-0.368421
0.494728 0.725015 
-0.368421,-0.263158
0.712399 1.31584 
-0.263158,-0.157895
0.990914 2.37419 
-0.157895,-0.0526316
1.09483 3.03233 
-0.0526316,0.0526316
0.935233 4.21885e-15 
0.0526316,0.157895
1.09483 -3.03233 
0.157895,0.263158
0.990914 -2.37419 
0.263158,0.368421
0.712399 -1.31584 
0.368421,0.473684
0.494728 -0.725015 
0.473684,0.578947
0.352376 -0.424496 
0.578947,0.684211
0.260052 -0.265028 
0.684211,0.789474
0.198386 -0.174899 
0.789474,0.894737
0.155705 -0.120837 
0.894737,1
0.12516 -0.0866982 
