-1,-0.948718
2.69407 2.32619 
-0.948718,-0.897436
2.61561 2.24349 
-0.897436,-0.846154
2.54233 2.16184 
-0.846154,-0.794872
2.47417 2.08128 
-0.794872,-0.74359
2.41106 2.00188 
-0.74359,-0.692308
2.35292 1.9237 
-0.692308,-0.641026
2.29969 1.84681 
-0.641026,-0.589744
2.25126 1.77126 
-0.589744,-0.538462
2.20755 1.69714 
-0.538462,-0.487179
2.16844 1.62451 
-0.487179,-0.435897
2.13383 1.55346 
-0.435897,-0.384615
2.10358 1.48407 
-0.384615,-0.333333
2.07756 1.41642 
-0.333333,-0.282051
2.05562 1.35061 
-0.282051,-0.230769
2.03761 1.28673 
-0.230769,-0.179487
2.02333 1.22489 
-0.179487,-0.128205
2.01262 1.16519 
-0.128205,-0.0769231
2.00526 1.10775 
-0.0769231,-0.025641
2.00102 1.05268 
-0.025641,0.025641
1.99967 1.00011 
0.025641,0.0769231
2.00095 0.950171 
0.0769231,0.128205
2.00458 0.903002 
0.128205,0.179487
2.01025 0.858747 
0.179487,0.230769
2.01765 0.817561 
0.230769,0.282051
2.02641 0.779604 
0.282051,0.333333
2.03615 0.745047 
0.333333,0.384615
2.04648 0.714068 
0.384615,0.435897
2.05694 0.686857 
0.435897,0.487179
2.06708 0.66361 
0.487179,0.538462
2.07637 0.644537 
0.538462,0.589744
2.08427 0.629857 
0.589744,0.641026
2.0902 0.619802 
0.641026,0.692308
2.09353 0.614614 
0.692308,0.74359
2.09357 0.614551 
0.74359,0.794872
2.08961 0.61988 
0.794872,0.846154
2.08086 0.630888 
0.846154,0.897436
2.06649 0.647871 
0.897436,0.948718
2.0456 0.671145 
0.948718,1
2.01724 0.701041 
