-0.604897,-0.444451
-3.49809 -34.4181 -75.4408 -51.7898 
-0.444451,-0.329554
3.70145 15.0223 37.6977 34.4873 
-0.329554,-0.211234
1.99393 0.993599 -0.272985 0.731857 
-0.211234,-0.0452059
2.0038 1.11318 0.195165 1.31601 
-0.0452059,0.10794
2.0012 1.0016 -0.924228 3.00826 
0.10794,0.536459
2.00577 0.871138 0.315968 -0.919007 
0.536459,0.566198
3.84237 -4.91853 2.75546 2.75533 
0.566198,0.59688
-38.5748 207.984 -352.348 199.497 
0.59688,0.680375
-0.0336083 11.1029 -17.1884 9.35972 
0.680375,0.823295
11.5436 -39.1857 55.6089 -25.759 
