-0.604897,-0.444451
1.80458 -0.279234 -3.25195 -1.79201 
-0.444451,-0.329554
2.01099 1.12317 -0.0862871 0.582203 
-0.329554,-0.211234
2.00294 1.03178 -0.391087 0.273908 
-0.211234,-0.0452059
1.9997 0.990177 -0.577368 -0.0200493 
-0.0452059,0.10794
1.99993 0.997469 -0.506387 0.503343 
0.10794,0.536459
2.00388 0.951626 -0.378247 0.107631 
0.536459,0.566198
1.94425 1.2853 -1.00042 0.494225 
0.566198,0.59688
1.87284 1.65938 -1.65731 0.88095 
0.59688,0.680375
1.95842 1.23333 -0.946928 0.484229 
0.680375,0.823295
2.14286 0.424441 0.238744 -0.0966621 
