-0.604897,-0.444451
2.26829 2.13654 0.837644 0.46159 
-0.444451,-0.329554
1.85498 -0.264219 -4.12636 -3.26136 
-0.329554,-0.211234
2.01313 1.17093 0.221685 1.13654 
-0.211234,-0.0452059
1.99971 0.988741 -0.620898 -0.19308 
-0.0452059,0.10794
1.99997 0.997754 -0.518823 0.55959 
0.10794,0.536459
2.0041 0.94881 -0.370495 0.101532 
0.536459,0.566198
1.94053 1.30492 -1.03485 0.514333 
0.566198,0.59688
1.86731 1.68853 -1.70857 0.91097 
0.59688,0.680375
1.97246 1.16377 -0.832514 0.421727 
0.680375,0.823295
2.12624 0.486233 0.162928 -0.065966 
