-0.967399,-0.716795
1.37464 -1.51298 -3.83724 -1.32218 
-0.716795,-0.514226
2.07353 1.41208 0.243504 0.575496 
-0.514226,-0.270431
1.9969 0.965036 -0.625848 0.0119625 
-0.270431,0.0268018
2.00001 0.999547 -0.498233 0.16926 
0.0268018,0.213938
2.00001 0.99957 -0.499104 0.180094 
0.213938,0.257742
1.99948 1.00695 -0.533615 0.233865 
0.257742,0.271423
1.9973 1.03242 -0.632432 0.361663 
0.271423,0.434594
2.00077 0.994053 -0.491069 0.188055 
0.434594,0.83239
1.98836 1.0797 -0.688141 0.33921 
0.83239,0.904459
2.60793 -1.15328 1.99447 -0.73505 
