-0.967399,-0.716795
-10.319 -48.2924 -65.3371 -27.8252 
-0.716795,-0.514226
3.53753 9.70132 15.5699 9.7992 
-0.514226,-0.270431
1.95214 0.45214 -2.41666 -1.86012 
-0.270431,0.0268018
2.00031 0.986522 -0.440627 0.575541 
0.0268018,0.213938
2.00032 0.985188 -0.39085 -0.043541 
0.213938,0.257742
1.996 1.04584 -0.674335 0.398153 
0.257742,0.271423
1.89582 2.21192 -5.19855 6.24925 
0.271423,0.434594
2.04647 0.546798 0.936209 -1.28481 
0.434594,0.83239
1.79004 2.31687 -3.13674 1.83914 
0.83239,0.904459
44.5877 -151.929 182.169 -72.367 
