-0.282382,-0.240419
123.257 1746.51 9277.78 21902.2 19389.8 
-0.240419,-0.225537
-480.071 -8291.44 -53350 -151761 -161194 
-0.225537,-0.186642
61.3752 1311.36 10516.3 37022.3 48065.9 
-0.186642,-0.0634862
0.0489224 -2.95046 -46.5678 -707.107 -2471.26 
-0.0634862,0.301889
0.0902346 -0.347542 14.9317 -61.3021 71.8316 
0.301889,0.525865
-0.984599 13.8939 -55.8301 94.9624 -57.5741 
0.525865,0.72528
8.82356 -60.7121 156.979 -174.827 70.6859 
0.72528,1.10835
-24.234 121.604 -220.081 171.762 -48.7814 
1.10835,1.17822
441.208 -1558.16 2053.24 -1195.62 259.645 
1.17822,1.49785
-103.481 291.03 -300.966 136.439 -22.9963 
